"site:*.gov.* coronavirus policy",1,"Australian COVID-19 Vaccination Policy | Australian ...","https://www.health.gov.au/resources/publications/australian-covid-19-vaccination-policy","www.health.gov.au",
"site:*.gov.* coronavirus policy",2,"Physical distancing for coronavirus (COVID-19) | Australian ...","https://www.health.gov.au/news/health-alerts/novel-coronavirus-2019-ncov-health-alert/how-to-protect-yourself-and-others-from-coronavirus-covid-19/physical-distancing-for-coronavirus-covid-19","www.health.gov.au",
"site:*.gov.* coronavirus policy",3,"Government response to the COVID-19 outbreak | Australian ...","https://www.health.gov.au/news/health-alerts/novel-coronavirus-2019-ncov-health-alert/government-response-to-the-covid-19-outbreak","www.health.gov.au",
"site:*.gov.* coronavirus policy",4,"Coronavirus (COVID-19) information for employers ...","https://www.health.gov.au/resources/publications/coronavirus-covid-19-information-for-employers","www.health.gov.au",
"site:*.gov.* coronavirus policy",5,"Coronavirus (COVID-19) restrictions | Australian Government ...","https://www.health.gov.au/news/health-alerts/novel-coronavirus-2019-ncov-health-alert/coronavirus-covid-19-restrictions","www.health.gov.au",
"site:*.gov.* coronavirus policy",6,"Limits on public gatherings for coronavirus (COVID-19 ...","https://www.health.gov.au/news/health-alerts/novel-coronavirus-2019-ncov-health-alert/how-to-protect-yourself-and-others-from-coronavirus-covid-19/limits-on-public-gatherings-for-coronavirus-covid-19","www.health.gov.au",
"site:*.gov.* coronavirus policy",7,"COVID-19 Vaccination Policy endorsement | Australian ...","https://www.health.gov.au/news/covid-19-vaccination-policy-endorsement","www.health.gov.au",
"site:*.gov.* coronavirus policy",8,"COVID-19 policies and plans | Queensland Health","https://www.health.qld.gov.au/system-governance/strategic-direction/improving-service/covid-19-policies-and-plans","www.health.qld.gov.au",
"site:*.gov.* coronavirus policy",9,"Coronavirus - Department of Health and Human Services ...","https://www.dhhs.vic.gov.au/coronavirus","www.dhhs.vic.gov.au",
"site:*.gov.* coronavirus policy",10,"Australia's COVID-19 vaccination policy | Australian ...","https://www.health.gov.au/news/health-alerts/novel-coronavirus-2019-ncov-health-alert/vaccines-and-treatments/australias-covid-19-vaccination-policy","www.health.gov.au",
"site:*.gov.* coronavirus policy",11,"AGPT Program COVID-19 Support Policy 2020 | Australian ...","https://www.health.gov.au/resources/publications/agpt-program-covid-19-support-policy-2020","www.health.gov.au",
"site:*.gov.* coronavirus policy",12,"Coronavirus (COVID-19) advice for the health and disability ...","https://www.health.gov.au/news/health-alerts/novel-coronavirus-2019-ncov-health-alert/coronavirus-covid-19-advice-for-the-health-and-disability-sector","www.health.gov.au",
"site:*.gov.* coronavirus policy",13,"Coronavirus (COVID-19) information for hotels and hotel staff ...","https://www.health.gov.au/resources/publications/coronavirus-covid-19-information-for-hotels-and-hotel-staff","www.health.gov.au",
"site:*.gov.* coronavirus policy",14,"Australian Health Sector Emergency Response Plan for Novel ...","https://www.health.gov.au/sites/default/files/documents/2020/02/australian-health-sector-emergency-response-plan-for-novel-coronavirus-covid-19_2.pdf","www.health.gov.au",
"site:*.gov.* coronavirus policy",15,"Coronavirus (COVID-19) advice for international travellers ...","https://www.health.gov.au/news/health-alerts/novel-coronavirus-2019-ncov-health-alert/coronavirus-covid-19-restrictions/coronavirus-covid-19-advice-for-international-travellers","www.health.gov.au",
"site:*.gov.* coronavirus policy",16,"Coronavirus Disease 2019 (COVID-19) - Control guidelines","https://www.health.nsw.gov.au/Infectious/controlguideline/Pages/novel-coronavirus.aspx","www.health.nsw.gov.au",
"site:*.gov.* coronavirus policy",17,"Coronavirus (COVID-19): Advice for PCBUs | Safe Work ...","https://www.safeworkaustralia.gov.au/doc/coronavirus-covid-19-advice-pcbus","www.safeworkaustralia.gov.au",
"site:*.gov.* coronavirus policy",18,"Coronavirus (COVID-19) advice on managing the health risks ...","https://www.health.gov.au/resources/publications/coronavirus-covid-19-advice-on-managing-the-health-risks-from-covid-19-on-international-flights","www.health.gov.au",
"site:*.gov.* coronavirus policy",19,"Australian Health Protection Principal Committee (AHPPC ...","https://www.health.gov.au/news/australian-health-protection-principal-committee-ahppc-statement-on-novel-coronavirus-on-29-january-2020-0","www.health.gov.au",
"site:*.gov.* coronavirus policy",20,"Coronavirus (COVID-19) news and media | Australian ...","https://www.health.gov.au/news/health-alerts/novel-coronavirus-2019-ncov-health-alert/coronavirus-covid-19-news-and-media","www.health.gov.au",
"site:*.gov.* coronavirus policy",21,"Good hygiene for coronavirus (COVID-19) | Australian ...","https://www.health.gov.au/news/health-alerts/novel-coronavirus-2019-ncov-health-alert/how-to-protect-yourself-and-others-from-coronavirus-covid-19/good-hygiene-for-coronavirus-covid-19","www.health.gov.au",
"site:*.gov.* coronavirus policy",22,"Australian National Disease Surveillance Plan for COVID-19 ...","https://www.health.gov.au/resources/publications/australian-national-disease-surveillance-plan-for-covid-19","www.health.gov.au",
"site:*.gov.* coronavirus policy",23,"Coronavirus (COVID-19) health alert | Australian Government ...","https://www.health.gov.au/news/health-alerts/novel-coronavirus-2019-ncov-health-alert","www.health.gov.au",
"site:*.gov.* coronavirus policy",24,"Coronavirus (COVID-19) information for the marine industry ...","https://www.health.gov.au/resources/publications/coronavirus-covid-19-information-for-the-marine-industry","www.health.gov.au",
"site:*.gov.* coronavirus policy",25,"Politika e privatësisë për aplikacionin COVIDSafe – Privacy ...","https://www.health.gov.au/resources/publications/politika-e-privatesise-per-aplikacionin-covidsafe-privacy-policy-for-covidsafe-app-albanian","www.health.gov.au",
"site:*.gov.* coronavirus policy",26,"Coronavirus (COVID-19) advice for people in aged care facilities","https://www.health.gov.au/news/health-alerts/novel-coronavirus-2019-ncov-health-alert/advice-for-people-at-risk-of-coronavirus-covid-19/coronavirus-covid-19-advice-for-people-in-aged-care-facilities","www.health.gov.au",
"site:*.gov.* coronavirus policy",27,"سياسة الخصوصية لتطبيق COVIDSafe – Privacy policy for ...","https://www.health.gov.au/resources/publications/sys-lkhswsy-lttbyq-covidsafe-privacy-policy-for-covidsafe-app-arabic","www.health.gov.au",
"site:*.gov.* coronavirus policy",28,"Education sector - coronavirus (COVID-19) - Department of ...","https://www.dhhs.vic.gov.au/information-education-sector-coronavirus-disease-covid-19","www.dhhs.vic.gov.au",
"site:*.gov.* coronavirus policy",29,"COVID-19 Information for workplaces | Safe Work Australia","https://www.safeworkaustralia.gov.au/covid-19-information-workplaces","www.safeworkaustralia.gov.au",
"site:*.gov.* coronavirus policy",30,"Patakaran ng pagkapribado para sa COVIDSafe app ...","https://www.health.gov.au/resources/publications/patakaran-ng-pagkapribado-para-sa-covidsafe-app-privacy-policy-for-covidsafe-app-tagalog","www.health.gov.au",
"site:*.gov.* coronavirus policy",31,"COVIDSafe app | Australian Government Department of Health","https://www.health.gov.au/resources/apps-and-tools/covidsafe-app","www.health.gov.au",
"site:*.gov.* coronavirus policy",32,"Coronavirus (COVID-19) guidelines for infection prevention ...","https://www.health.gov.au/resources/publications/coronavirus-covid-19-guidelines-for-infection-prevention-and-control-in-residential-care-facilities","www.health.gov.au",
"site:*.gov.* coronavirus policy",33,"COVIDSafe याप्सको लागि िोपनीयता ...","https://www.health.gov.au/resources/publications/privacy-policy-for-covidsafe-app-nepali","www.health.gov.au",
"site:*.gov.* coronavirus policy",34,"COVID-19 What you can and can't do under the rules","https://www.nsw.gov.au/covid-19/what-you-can-and-cant-do-under-rules","www.nsw.gov.au",
"site:*.gov.* coronavirus policy",35,"Privacy policy for COVIDSafe app (Tamil) | Australian ...","https://www.health.gov.au/resources/publications/privacy-policy-for-covidsafe-app-tamil","www.health.gov.au",
"site:*.gov.* coronavirus policy",36,"Business ... - Department of Health and Human Services Victoria","https://www.dhhs.vic.gov.au/business-sector-coronavirus-disease-covid-19","www.dhhs.vic.gov.au",
"site:*.gov.* coronavirus policy",37,"COVID-19 - Australian Government Department of Health","https://www.health.gov.au/sites/default/files/documents/2020/03/coronavirus-covid-19-guidelines-for-outbreaks-in-residential-care-facilities.pdf","www.health.gov.au",
"site:*.gov.* coronavirus policy",38,"Coronavirus (COVID-19) information for families and residents ...","https://www.health.gov.au/resources/publications/coronavirus-covid-19-information-for-families-and-residents-on-restricted-visits-to-residential-aged-care-facilities","www.health.gov.au",
"site:*.gov.* coronavirus policy",39,"COVIDSafe app caah Pumpaak thil thlithup kong pawlasi ...","https://www.health.gov.au/resources/publications/covidsafe-app-caah-pumpaak-thil-thlithup-kong-pawlasi-privacy-policy-for-covidsafe-app-hakha-chin","www.health.gov.au",
"site:*.gov.* coronavirus policy",40,"Translated coronavirus (COVID-19) resources | Australian ...","https://www.health.gov.au/news/health-alerts/novel-coronavirus-2019-ncov-health-alert/translated-coronavirus-covid-19-resources","www.health.gov.au",
"site:*.gov.* coronavirus policy",41,"COVIDSafe 앱을 위한 개인정보보호 정책 – Privacy policy for ...","https://www.health.gov.au/resources/publications/covidsafe-aebeul-wihan-gaeinjeongboboho-jeongcaeg-privacy-policy-for-covidsafe-app-korean","www.health.gov.au",
"site:*.gov.* coronavirus policy",42,"Coronavirus (COVID-19) advice for retirement villages ...","https://www.health.gov.au/resources/publications/coronavirus-covid-19-advice-for-retirement-villages","www.health.gov.au",
"site:*.gov.* coronavirus policy",43,"COVIDSafe ਐਪ ਬਾਰੇ ਗੋਪਨੀਅਤਾ ਨੀਤੀ ...","https://www.health.gov.au/resources/publications/covidsafe-aip-baaree-goopniiataa-niitii-privacy-policy-for-covidsafe-app-punjabi","www.health.gov.au",
"site:*.gov.* coronavirus policy",44,"COVIDSafe-sovelluksen tietosuojaseloste – Privacy policy for ...","https://www.health.gov.au/resources/publications/covidsafe-sovelluksen-tietosuojaseloste-privacy-policy-for-covidsafe-app-finnish","www.health.gov.au",
"site:*.gov.* coronavirus policy",45,"Polokalama faʻalauaʻitele mo faiga faʻavae o le COVIDSafe ...","https://www.health.gov.au/resources/publications/polokalama-faalauaitele-mo-faiga-faavae-o-le-covidsafe-privacy-policy-for-covidsafe-app-samoan","www.health.gov.au",
"site:*.gov.* coronavirus policy",46,"Updated ... - Department of Health and Human Services Victoria","https://www.dhhs.vic.gov.au/updates/coronavirus-covid-19/updated-restrictions-1159pm-wednesday-22-july-2020","www.dhhs.vic.gov.au",
"site:*.gov.* coronavirus policy",47,"Privacy policy for COVIDSafe app (Karen) | Australian ...","https://www.health.gov.au/resources/publications/privacy-policy-for-covidsafe-app-karen","www.health.gov.au",
"site:*.gov.* coronavirus policy",48,"Politique de confidentialité de l'application COVIDSafe ...","https://www.health.gov.au/resources/publications/politique-de-confidentialite-de-lapplication-covidsafe-privacy-policy-for-covidsafe-app-french","www.health.gov.au",
"site:*.gov.* coronavirus policy",49,"Face masks and coverings - Department of Health and Human ...","https://www.dhhs.vic.gov.au/face-masks-and-coverings-covid-19","www.dhhs.vic.gov.au",
"site:*.gov.* coronavirus policy",50,"Coronavirus (COVID-19) – Guidance for people tested for ...","https://www.health.gov.au/resources/publications/coronavirus-covid-19-guidance-for-people-tested-for-covid-19","www.health.gov.au",
"site:*.gov.* coronavirus policy",51,"How to protect yourself and others from coronavirus (COVID-19)","https://www.health.gov.au/news/health-alerts/novel-coronavirus-2019-ncov-health-alert/how-to-protect-yourself-and-others-from-coronavirus-covid-19","www.health.gov.au",
"site:*.gov.* coronavirus policy",52,"Isolation for coronavirus (COVID-19) | Australian Government ...","https://www.health.gov.au/news/health-alerts/novel-coronavirus-2019-ncov-health-alert/how-to-protect-yourself-and-others-from-coronavirus-covid-19/isolation-for-coronavirus-covid-19","www.health.gov.au",
"site:*.gov.* coronavirus policy",53,"Coronavirus (COVID-19) data and application custodianship","https://www.health.qld.gov.au/__data/assets/pdf_file/0027/945432/qh-pol-477.pdf","www.health.qld.gov.au",
"site:*.gov.* coronavirus policy",54,"Coronavirus (COVID-19) advice for older people | Australian ...","https://www.health.gov.au/news/health-alerts/novel-coronavirus-2019-ncov-health-alert/advice-for-people-at-risk-of-coronavirus-covid-19/coronavirus-covid-19-advice-for-older-people","www.health.gov.au",
"site:*.gov.* coronavirus policy",55,"COVID-19 (Coronavirus) - NSW Government","https://www.health.nsw.gov.au/Infectious/covid-19/Pages/default.aspx","www.health.nsw.gov.au",
"site:*.gov.* coronavirus policy",56,"Coronavirus response-Free child care – Parliament of Australia","https://www.aph.gov.au/About_Parliament/Parliamentary_Departments/Parliamentary_Library/FlagPost/2020/April/Coronavirus_response-Free_child_care","www.aph.gov.au",
"site:*.gov.* coronavirus policy",57,"COVID-19 (coronavirus) | NSW Government","https://www.nsw.gov.au/covid-19","www.nsw.gov.au",
"site:*.gov.* coronavirus policy",58,"Economic Response to the Coronavirus | Treasury.gov.au","https://treasury.gov.au/coronavirus","treasury.gov.au",
"site:*.gov.* coronavirus policy",59,"Face masks - Department of Health and Human Services ...","https://www.dhhs.vic.gov.au/facemasks-covid-19","www.dhhs.vic.gov.au",
"site:*.gov.* coronavirus policy",60,"For ... - Department of Health and Human Services Victoria","https://www.dhhs.vic.gov.au/health-services-and-professionals-coronavirus-covid-19","www.dhhs.vic.gov.au",
"site:*.gov.* coronavirus policy",61,"Face masks: whole of Victoria - Department of Health and ...","https://www.dhhs.vic.gov.au/face-masks-vic-covid-19","www.dhhs.vic.gov.au",
"site:*.gov.* coronavirus policy",62,"COVIDSafe应用程序隐私政策 – Privacy policy for COVIDSafe ...","https://www.health.gov.au/resources/publications/covidsafeying-yong-cheng-xu-yin-si-zheng-ce-privacy-policy-for-covidsafe-app-simplified-chinese","www.health.gov.au",
"site:*.gov.* coronavirus policy",63,"Datenschutzerklärung für die COVIDSafe-App – Privacy policy ...","https://www.health.gov.au/resources/publications/datenschutzerklarung-fur-die-covidsafe-app-privacy-policy-for-covidsafe-app-german","www.health.gov.au",
"site:*.gov.* coronavirus policy",64,"Translated resources - coronavirus (COVID-19) - Department ...","https://www.dhhs.vic.gov.au/translated-resources-coronavirus-disease-covid-19","www.dhhs.vic.gov.au",
"site:*.gov.* coronavirus policy",65,"Victoria's ... - Department of Health and Human Services Victoria","https://www.dhhs.vic.gov.au/victorias-restriction-levels-covid-19","www.dhhs.vic.gov.au",
"site:*.gov.* coronavirus policy",66,"COVID-19 Vaccine and Treatment Strategy | Australian ...","https://www.health.gov.au/initiatives-and-programs/covid-19-vaccine-and-treatment-strategy","www.health.gov.au",
"site:*.gov.* coronavirus policy",67,"What to ... - Department of Health and Human Services Victoria","https://www.dhhs.vic.gov.au/what-to-do-if-you-have-coronavirus-covid-19","www.dhhs.vic.gov.au",
"site:*.gov.* coronavirus policy",68,"Politica di riservatezza dell'app COVIDSafe – Privacy policy ...","https://www.health.gov.au/resources/publications/politica-di-riservatezza-dellapp-covidsafe-privacy-policy-for-covidsafe-app-italian","www.health.gov.au",
"site:*.gov.* coronavirus policy",69,"COVID-19 National Health Plan – Supporting the mental ...","https://www.health.gov.au/resources/publications/covid-19-national-health-plan-supporting-the-mental-health-of-australians-through-the-coronavirus-pandemic","www.health.gov.au",
"site:*.gov.* coronavirus policy",70,"Itegeko ry'ibanga kuri COVIDSafe app – Privacy policy for ...","https://www.health.gov.au/resources/publications/itegeko-ryibanga-kuri-covidsafe-app-privacy-policy-for-covidsafe-app-kirundi","www.health.gov.au",
"site:*.gov.* coronavirus policy",71,"Coronavirus (COVID-19) information and support | NDIS","https://www.ndis.gov.au/coronavirus","www.ndis.gov.au",
"site:*.gov.* coronavirus policy",72,"Should I wear a face mask in public? | Australian Government ...","https://www.health.gov.au/news/should-i-wear-a-face-mask-in-public-0","www.health.gov.au",
"site:*.gov.* coronavirus policy",73,"COVID-19 - Australian Government Department of Health","https://www.health.gov.au/sites/default/files/documents/2020/04/coronavirus-covid-19-information-for-employers_2.pdf","www.health.gov.au",
"site:*.gov.* coronavirus policy",74,"Updated community advice on novel coronavirus | Health ...","https://www.health.gov.au/ministers/the-hon-greg-hunt-mp/media/updated-community-advice-on-novel-coronavirus","www.health.gov.au",
"site:*.gov.* coronavirus policy",75,"Symptoms and risks - Department of Health and Human ...","https://www.dhhs.vic.gov.au/victorian-public-coronavirus-disease-covid-19","www.dhhs.vic.gov.au",
"site:*.gov.* coronavirus policy",76,"Política de privacidad para la aplicación COVIDSafe – Privacy ...","https://www.health.gov.au/resources/publications/politica-de-privacidad-para-la-aplicacion-covidsafe-privacy-policy-for-covidsafe-app-spanish","www.health.gov.au",
"site:*.gov.* coronavirus policy",77,"COVIDSafeアプリ 個人情報取扱について – Privacy policy for ...","https://www.health.gov.au/resources/publications/covidsafeapuri-ge-ren-qing-bao-qu-xi-nituite-privacy-policy-for-covidsafe-app-japanese","www.health.gov.au",
"site:*.gov.* coronavirus policy",78,"Πολιτική ιδιωτικότητας για την εφαρμογή COVIDSafe – Privacy ...","https://www.health.gov.au/resources/publications/politiki-idiotikotitas-gia-tin-efarmogi-covidsafe-privacy-policy-for-covidsafe-app-greek","www.health.gov.au",
"site:*.gov.* coronavirus policy",79,"Coronavirus (COVID-19) information for in-home care workers ...","https://www.health.gov.au/resources/publications/coronavirus-covid-19-information-for-in-home-care-workers","www.health.gov.au",
"site:*.gov.* coronavirus policy",80,"Política de privacidade do aplicativo COVIDSafe – Privacy ...","https://www.health.gov.au/resources/publications/politica-de-privacidade-do-aplicativo-covidsafe-privacy-policy-for-covidsafe-app-portuguese","www.health.gov.au",
"site:*.gov.* coronavirus policy",81,"COVIDSafe uygulaması gizlilik ilkesi – Privacy policy for ...","https://www.health.gov.au/resources/publications/covidsafe-uygulamasi-gizlilik-ilkesi-privacy-policy-for-covidsafe-app-turkish","www.health.gov.au",
"site:*.gov.* coronavirus policy",82,"National Coronavirus Helpline | Australian Government ...","https://www.health.gov.au/contacts/national-coronavirus-helpline","www.health.gov.au",
"site:*.gov.* coronavirus policy",83,"Masks | Australian Government Department of Health","https://www.health.gov.au/news/health-alerts/novel-coronavirus-2019-ncov-health-alert/how-to-protect-yourself-and-others-from-coronavirus-covid-19/masks","www.health.gov.au",
"site:*.gov.* coronavirus policy",84,"Coronavirus (COVID-19) Guide for Home Care Providers ...","https://www.health.gov.au/resources/publications/coronavirus-covid-19-guide-for-home-care-providers","www.health.gov.au",
"site:*.gov.* coronavirus policy",85,"Privacy Policy for COVID Safe Check business registration ...","https://www.nsw.gov.au/covid-19/covid-safe-business-privacy-policy","www.nsw.gov.au",
"site:*.gov.* coronavirus policy",86,"Coronavirus Economic Response Package (Payments and ...","https://www.legislation.gov.au/Details/F2020L00419","www.legislation.gov.au",
"site:*.gov.* coronavirus policy",87,"Paid Parental Leave Amendment (Coronavirus Economic ...","https://www.legislation.gov.au/Details/F2020L00726","www.legislation.gov.au",
"site:*.gov.* coronavirus policy",88,"Australian Health Sector Emergency Response Plan for Novel ...","https://www.health.gov.au/resources/publications/australian-health-sector-emergency-response-plan-for-novel-coronavirus-covid-19","www.health.gov.au",
"site:*.gov.* coronavirus policy",89,"COVID-19 (coronavirus) - NSW Department of Education","https://education.nsw.gov.au/covid-19","education.nsw.gov.au",
"site:*.gov.* coronavirus policy",90,"Supporting the Economy and Financial System in Response ...","https://www.rba.gov.au/covid-19/","www.rba.gov.au",
"site:*.gov.* coronavirus policy",91,"Contact us | Australian Government Department of Health","https://www.health.gov.au/about-us/contact-us","www.health.gov.au",
"site:*.gov.* coronavirus policy",92,"The Australian Government's Economic Response to ... - ATO","https://www.ato.gov.au/General/New-legislation/The-Australian-Government-s-Economic-Response-to-Coronavirus/","www.ato.gov.au",
"site:*.gov.* coronavirus policy",93,"COVID-19 Australian Government roles and responsibilities ...","https://www.aph.gov.au/About_Parliament/Parliamentary_Departments/Parliamentary_Library/pubs/rp/rp1920/COVID19AustralianGovernmentRoles","www.aph.gov.au",
"site:*.gov.* coronavirus policy",94,"Coronavirus (COVID-19): National Health Plan resources ...","https://www.health.gov.au/resources/collections/coronavirus-covid-19-national-health-plan-resources","www.health.gov.au",
"site:*.gov.* coronavirus policy",95,"Coronavirus (COVID-19) – National aged care guidance ...","https://www.health.gov.au/resources/publications/coronavirus-covid-19-national-aged-care-guidance-visitation-recommended-actions-by-tier","www.health.gov.au",
"site:*.gov.* coronavirus policy",96,"Latest statement on coronavirus (COVID-19) from the Prime ...","https://www.health.gov.au/news/latest-statement-on-coronavirus-covid-19-from-the-prime-minister","www.health.gov.au",
"site:*.gov.* coronavirus policy",97,"Issues arising from the coronavirus pandemic for life insurers ...","https://www.sro.vic.gov.au/issues-arising-coronavirus-pandemic-life-insurers","www.sro.vic.gov.au",
"site:*.gov.* coronavirus policy",98,"Accessing official Coronavirus advice | Department of the ...","https://www.pmc.gov.au/news-centre/domestic-policy/accessing-official-coronavirus-advice","www.pmc.gov.au",
"site:*.gov.* coronavirus policy",99,"Travel to ... - Department of Health and Human Services Victoria","https://www.dhhs.vic.gov.au/information-people-travelling-sa-vic-covid-19","www.dhhs.vic.gov.au",
"site:*.gov.* coronavirus policy",100,"Publications | Australian Government Department of Health","https://www.health.gov.au/resources/publications","www.health.gov.au",
"site:*.gov.* coronavirus policy",1,"How should competition policy react to coronavirus? - GOV.UK","https://www.gov.uk/government/news/how-should-competition-policy-react-to-coronavirus","www.gov.uk",
"site:*.gov.* coronavirus policy",2,"Procurement Policy Note 02/20: supplier relief due to ... - Gov.uk","https://www.gov.uk/government/publications/procurement-policy-note-0220-supplier-relief-due-to-covid-19","www.gov.uk",
"site:*.gov.* coronavirus policy",3,"Coronavirus (COVID-19) action plan - GOV.UK","https://www.gov.uk/government/publications/coronavirus-action-plan","www.gov.uk",
"site:*.gov.* coronavirus policy",4,"Procurement Policy Note 01/20: Responding to COVID-19 ...","https://www.gov.uk/government/publications/procurement-policy-note-0120-responding-to-covid-19","www.gov.uk",
"site:*.gov.* coronavirus policy",5,"Supplier relief due to coronavirus (COVID-19): Procurement ...","https://www.gov.uk/government/publications/coronavirus-covid-19-maintaining-further-education-provision/procurement-policy-notice-ppn-0220-supplier-relief-due-to-covid-19-additional-post-16-educational-sector-guidance","www.gov.uk",
"site:*.gov.* coronavirus policy",6,"Australian COVID-19 Vaccination Policy | Australian ...","https://www.health.gov.au/resources/publications/australian-covid-19-vaccination-policy","www.health.gov.au",
"site:*.gov.* coronavirus policy",7,"Coronavirus (COVID-19): guidance and support - GOV.UK","https://www.gov.uk/coronavirus","www.gov.uk",
"site:*.gov.* coronavirus policy",8,"Working safely during coronavirus (COVID-19) - Guidance ...","https://www.gov.uk/guidance/working-safely-during-coronavirus-covid-19","www.gov.uk",
"site:*.gov.* coronavirus policy",9,"Visiting arrangements in care homes for the period of national ...","https://www.gov.uk/government/publications/visiting-care-homes-during-coronavirus/update-on-policies-for-visiting-arrangements-in-care-homes","www.gov.uk",
"site:*.gov.* coronavirus policy",10,"Coronavirus action plan: a guide to what you can expect ...","https://www.gov.uk/government/publications/coronavirus-action-plan/coronavirus-action-plan-a-guide-to-what-you-can-expect-across-the-uk","www.gov.uk",
"site:*.gov.* coronavirus policy",11,"Guidance for Employers on a Covid-19 (Coronavirus) Policy","https://www.glasgow.gov.uk/CHttpHandler.ashx?id=49000&p=0","www.glasgow.gov.uk",
"site:*.gov.* coronavirus policy",12,"Coronavirus (COVID-19): Tier 4 sponsors, migrants and short ...","https://www.gov.uk/government/publications/coronavirus-covid-19-tier-4-sponsors-migrants-and-short-term-students","www.gov.uk",
"site:*.gov.* coronavirus policy",13,"COVID-19: CMA to investigate cancellation policy concerns ...","https://www.gov.uk/government/news/covid-19-cma-to-investigate-cancellation-policy-concerns","www.gov.uk",
"site:*.gov.* coronavirus policy",14,"Covid-19: Update on tax policy documents - GOV.UK","https://www.gov.uk/government/news/covid-19-update-on-tax-policy-documents","www.gov.uk",
"site:*.gov.* coronavirus policy",15,"Statement on coronavirus (COVID-19), consumer contracts ...","https://www.gov.uk/government/publications/cma-to-investigate-concerns-about-cancellation-policies-during-the-coronavirus-covid-19-pandemic/the-coronavirus-covid-19-pandemic-consumer-contracts-cancellation-and-refunds","www.gov.uk",
"site:*.gov.* coronavirus policy",16,"Coronavirus (COVID-19) information for employers ...","https://www.health.gov.au/resources/publications/coronavirus-covid-19-information-for-employers","www.health.gov.au",
"site:*.gov.* coronavirus policy",17,"Coronavirus (COVID-19): immigration and borders - GOV.UK","https://www.gov.uk/government/collections/coronavirus-covid-19-immigration-and-borders","www.gov.uk",
"site:*.gov.* coronavirus policy",18,"Coronavirus (COVID-19): safeguarding in schools, colleges ...","https://www.gov.uk/government/publications/covid-19-safeguarding-in-schools-colleges-and-other-providers/coronavirus-covid-19-safeguarding-in-schools-colleges-and-other-providers","www.gov.uk",
"site:*.gov.* coronavirus policy",19,"Procurement Policy Note 04/20: Recovery and Transition from ...","https://www.gov.uk/government/publications/procurement-policy-note-0420-recovery-and-transition-from-covid-19","www.gov.uk",
"site:*.gov.* coronavirus policy",20,"COVID-19 Vaccination Policy endorsement | Australian ...","https://www.health.gov.au/news/covid-19-vaccination-policy-endorsement","www.health.gov.au",
"site:*.gov.* coronavirus policy",21,"Coronavirus disease (COVID-19) outbreak - Ministry of ...","https://www.mofa.gov.tw/en/theme.aspx?n=635352E3900FFF8E&s=8A33013523400F35&sms=BCDE19B435833080","www.mofa.gov.tw",
"site:*.gov.* coronavirus policy",22,"Rules that have been relaxed to help businesses during the ...","https://www.gov.uk/guidance/rules-that-have-been-relaxed-to-help-businesses-during-the-coronavirus-pandemic","www.gov.uk",
"site:*.gov.* coronavirus policy",23,"Coronavirus (COVID-19): adult social care action plan - GOV.UK","https://www.gov.uk/government/publications/coronavirus-covid-19-adult-social-care-action-plan","www.gov.uk",
"site:*.gov.* coronavirus policy",24,"Coronavirus (COVID-19): jobs that qualify for travel ... - Gov.uk","https://www.gov.uk/government/publications/coronavirus-covid-19-travellers-exempt-from-uk-border-rules/coronavirus-covid-19-travellers-exempt-from-uk-border-rules","www.gov.uk",
"site:*.gov.* coronavirus policy",25,"Government response to the COVID-19 outbreak | Australian ...","https://www.health.gov.au/news/health-alerts/novel-coronavirus-2019-ncov-health-alert/government-response-to-the-covid-19-outbreak","www.health.gov.au",
"site:*.gov.* coronavirus policy",26,"Coronavirus (COVID-19): scaling up testing programmes ...","https://www.gov.uk/government/publications/coronavirus-covid-19-scaling-up-testing-programmes","www.gov.uk",
"site:*.gov.* coronavirus policy",27,"Coronavirus (COVID-19): jobs that qualify for travel ... - Gov.uk","https://www.gov.uk/government/publications/coronavirus-covid-19-travellers-exempt-from-uk-border-rules","www.gov.uk",
"site:*.gov.* coronavirus policy",28,"Coronavirus (COVID-19): scaling up our testing programmes ...","https://www.gov.uk/government/publications/coronavirus-covid-19-scaling-up-testing-programmes/coronavirus-covid-19-scaling-up-our-testing-programmes","www.gov.uk",
"site:*.gov.* coronavirus policy",29,"Coronavirus (COVID-19): how to self-isolate when you travel ...","https://www.gov.uk/government/publications/coronavirus-covid-19-how-to-self-isolate-when-you-travel-to-the-uk/coronavirus-covid-19-how-to-self-isolate-when-you-travel-to-the-uk","www.gov.uk",
"site:*.gov.* coronavirus policy",30,"COVID-19 What you can and can't do under the rules","https://www.nsw.gov.au/covid-19/what-you-can-and-cant-do-under-rules","www.nsw.gov.au",
"site:*.gov.* coronavirus policy",31,"Rules on carrying over annual leave to be relaxed to support ...","https://www.gov.uk/government/news/rules-on-carrying-over-annual-leave-to-be-relaxed-to-support-key-industries-during-covid-19","www.gov.uk",
"site:*.gov.* coronavirus policy",32,"Extension of the Coronavirus Job Retention Scheme - GOV.UK","https://www.gov.uk/government/publications/extension-to-the-coronavirus-job-retention-scheme/extension-of-the-coronavirus-job-retention-scheme","www.gov.uk",
"site:*.gov.* coronavirus policy",33,"Coronavirus (COVID-19): guidance on isolation for residential ...","https://www.gov.uk/government/publications/coronavirus-covid-19-guidance-on-isolation-for-residential-educational-settings/coronavirus-covid-19-guidance-on-isolation-for-residential-educational-settings","www.gov.uk",
"site:*.gov.* coronavirus policy",34,"[Withdrawn] Coronavirus (COVID-19): guidance for ... - Gov.uk","https://www.gov.uk/government/publications/guidance-to-educational-settings-about-covid-19/guidance-to-educational-settings-about-covid-19","www.gov.uk",
"site:*.gov.* coronavirus policy",35,"[Withdrawn] Coronavirus (COVID-19): personal protective ...","https://www.gov.uk/government/publications/coronavirus-covid-19-personal-protective-equipment-ppe-plan","www.gov.uk",
"site:*.gov.* coronavirus policy",36,"Coronavirus (COVID-19): guidance on drivers' hours ... - Gov.uk","https://www.gov.uk/government/publications/covid-19-guidance-on-drivers-hours-relaxations/coronavirus-covid-19-guidance-on-drivers-hours-relaxations","www.gov.uk",
"site:*.gov.* coronavirus policy",37,"Coronavirus (COVID-19) restrictions | Australian Government ...","https://www.health.gov.au/news/health-alerts/novel-coronavirus-2019-ncov-health-alert/coronavirus-covid-19-restrictions","www.health.gov.au",
"site:*.gov.* coronavirus policy",38,"Contract cancellations and refunds due to coronavirus (COVID ...","https://www.gov.uk/government/publications/cma-to-investigate-concerns-about-cancellation-policies-during-the-coronavirus-covid-19-pandemic","www.gov.uk",
"site:*.gov.* coronavirus policy",39,"Coronavirus (COVID-19): impact on construction contracts ...","https://www.gov.scot/publications/coronavirus-covid-19-impact-on-construction-contracts-cpn-1-2020/","www.gov.scot",
"site:*.gov.* coronavirus policy",40,"Coronavirus bill: summary of impacts - GOV.UK","https://www.gov.uk/government/publications/coronavirus-bill-summary-of-impacts/coronavirus-bill-summary-of-impacts","www.gov.uk",
"site:*.gov.* coronavirus policy",41,"Procurement Policy Note 03/20: Use of procurement cards ...","https://www.gov.uk/government/publications/procurement-policy-note-0320-use-of-procurement-cards-coronavirus","www.gov.uk",
"site:*.gov.* coronavirus policy",42,"Physical distancing for coronavirus (COVID-19) | Australian ...","https://www.health.gov.au/news/health-alerts/novel-coronavirus-2019-ncov-health-alert/how-to-protect-yourself-and-others-from-coronavirus-covid-19/physical-distancing-for-coronavirus-covid-19","www.health.gov.au",
"site:*.gov.* coronavirus policy",43,"Australia's COVID-19 vaccination policy | Australian ...","https://www.health.gov.au/news/health-alerts/novel-coronavirus-2019-ncov-health-alert/vaccines-and-treatments/australias-covid-19-vaccination-policy","www.health.gov.au",
"site:*.gov.* coronavirus policy",44,"Privacy policy: Ask the Prime Minister a question about ...","https://www.gov.uk/help/ask-privacy-policy","www.gov.uk",
"site:*.gov.* coronavirus policy",45,"Changes to the Coronavirus Job Retention Scheme - GOV.UK","https://www.gov.uk/government/publications/changes-to-the-coronavirus-job-retention-scheme/changes-to-the-coronavirus-job-retention-scheme","www.gov.uk",
"site:*.gov.* coronavirus policy",46,"Visiting care homes during coronavirus - GOV.UK","https://www.gov.uk/government/publications/visiting-care-homes-during-coronavirus","www.gov.uk",
"site:*.gov.* coronavirus policy",47,"Admission and care of residents in a care home during COVID ...","https://www.gov.uk/government/publications/coronavirus-covid-19-admission-and-care-of-people-in-care-homes/coronavirus-covid-19-admission-and-care-of-people-in-care-homes","www.gov.uk",
"site:*.gov.* coronavirus policy",48,"Coronavirus (COVID-19): Advice for PCBUs | Safe Work ...","https://www.safeworkaustralia.gov.au/doc/coronavirus-covid-19-advice-pcbus","www.safeworkaustralia.gov.au",
"site:*.gov.* coronavirus policy",49,"Customs authorisations during the coronavirus (COVID-19 ...","https://www.gov.uk/guidance/customs-authorisations-during-the-coronavirus-covid-19","www.gov.uk",
"site:*.gov.* coronavirus policy",50,"Coronavirus Disease 2019 (COVID-19) - Control guidelines","https://www.health.nsw.gov.au/Infectious/controlguideline/Pages/novel-coronavirus.aspx","www.health.nsw.gov.au",
"site:*.gov.* coronavirus policy",51,"Coronavirus (COVID-19): Housing System Policy Circle - gov ...","https://www.gov.scot/groups/coronavirus-covid-19-housing-system-policy-circle/","www.gov.scot",
"site:*.gov.* coronavirus policy",52,"Coronavirus - Japan travel advice - GOV.UK","https://www.gov.uk/foreign-travel-advice/japan/coronavirus","www.gov.uk",
"site:*.gov.* coronavirus policy",53,"Ministry of Justice - GOV.UK","https://www.gov.uk/government/organisations/ministry-of-justice","www.gov.uk",
"site:*.gov.* coronavirus policy",54,"The Civil Procedure (Amendment No. 4) (Coronavirus) Rules ...","https://www.legislation.gov.uk/uksi/2020/751/contents/made","www.legislation.gov.uk",
"site:*.gov.* coronavirus policy",55,"The Secure Training Centre (Coronavirus) (Amendment ...","https://www.legislation.gov.uk/uksi/2020/664/contents/made","www.legislation.gov.uk",
"site:*.gov.* coronavirus policy",56,"The Civil Procedure (Amendment No. 2) (Coronavirus) Rules ...","https://www.legislation.gov.uk/uksi/2020/582/made","www.legislation.gov.uk",
"site:*.gov.* coronavirus policy",57,"Coronavirus (COVID-19): guidance - gov.scot","https://www.gov.scot/collections/coronavirus-covid-19-guidance/","www.gov.scot",
"site:*.gov.* coronavirus policy",58,"The Prison and Young Offender Institution (Coronavirus ...","https://www.legislation.gov.uk/uksi/2020/400/contents/made","www.legislation.gov.uk",
"site:*.gov.* coronavirus policy",59,"The Civil Procedure (Amendment No. 5) (Coronavirus) Rules ...","https://www.legislation.gov.uk/uksi/2020/889/contents/made","www.legislation.gov.uk",
"site:*.gov.* coronavirus policy",60,"Coronavirus - Cyprus travel advice - GOV.UK","https://www.gov.uk/foreign-travel-advice/cyprus/coronavirus","www.gov.uk",
"site:*.gov.* coronavirus policy",61,"The Criminal Procedure (Amendment No. 2) (Coronavirus ...","https://www.legislation.gov.uk/uksi/2020/417/contents/made","www.legislation.gov.uk",
"site:*.gov.* coronavirus policy",62,"Visit someone in prison during the coronavirus (COVID-19 ...","https://www.gov.uk/guidance/visit-someone-in-prison-during-the-coronavirus-covid-19-pandemic","www.gov.uk",
"site:*.gov.* coronavirus policy",63,"Social distancing to make your workplace COVID-secure - HSE","https://www.hse.gov.uk/coronavirus/social-distancing/index.htm","www.hse.gov.uk",
"site:*.gov.* coronavirus policy",64,"COVID-19: infection prevention and control (IPC) - GOV.UK","https://www.gov.uk/government/publications/wuhan-novel-coronavirus-infection-prevention-and-control","www.gov.uk",
"site:*.gov.* coronavirus policy",65,"The Postponed Elections and Referendums (Coronavirus ...","https://www.legislation.gov.uk/uksi/2020/926/contents/made","www.legislation.gov.uk",
"site:*.gov.* coronavirus policy",66,"Coronavirus (COVID-19): public use of face coverings - gov.scot","https://www.gov.scot/publications/coronavirus-covid-19-public-use-of-face-coverings/","www.gov.scot",
"site:*.gov.* coronavirus policy",67,"The Prison and Young Offender Institution (Coronavirus ...","https://www.legislation.gov.uk/uksi/2020/508/contents/made","www.legislation.gov.uk",
"site:*.gov.* coronavirus policy",68,"Coronavirus Job Retention Scheme - GOV.UK","https://www.gov.uk/government/collections/coronavirus-job-retention-scheme","www.gov.uk",
"site:*.gov.* coronavirus policy",69,"Self-Employment Income Support Scheme grant extension ...","https://www.gov.uk/government/publications/self-employment-income-support-scheme-grant-extension","www.gov.uk",
"site:*.gov.* coronavirus policy",70,"Coronavirus (COVID-19): Social Distancing - GOV.UK","https://www.gov.uk/government/publications/coronavirus-covid-19-meeting-with-others-safely-social-distancing/coronavirus-covid-19-meeting-with-others-safely-social-distancing","www.gov.uk",
"site:*.gov.* coronavirus policy",71,"Coronavirus (COVID-19): adult social care guidance - GOV.UK","https://www.gov.uk/government/collections/coronavirus-covid-19-social-care-guidance","www.gov.uk",
"site:*.gov.* coronavirus policy",72,"Safeguarding and remote education during coronavirus ...","https://www.gov.uk/guidance/safeguarding-and-remote-education-during-coronavirus-covid-19","www.gov.uk",
"site:*.gov.* coronavirus policy",73,"Coronavirus Economic Response Package (Payments and ...","https://www.legislation.gov.au/Details/F2020L00419","www.legislation.gov.au",
"site:*.gov.* coronavirus policy",74,"COVID-19 (coronavirus) - NSW Department of Education","https://education.nsw.gov.au/covid-19","education.nsw.gov.au",
"site:*.gov.* coronavirus policy",75,"Coronavirus (COVID-19): travel corridors - GOV.UK","https://www.gov.uk/guidance/coronavirus-covid-19-travel-corridors","www.gov.uk",
"site:*.gov.* coronavirus policy",76,"Coronavirus - local rules and restrictions - Sheffield City Council","https://www.sheffield.gov.uk/home/your-city-council/coronavirus-hub/coronavirus-local-rules-restrictions","www.sheffield.gov.uk",
"site:*.gov.* coronavirus policy",77,"Coronavirus (COVID-19) health alert | Australian Government ...","https://www.health.gov.au/news/health-alerts/novel-coronavirus-2019-ncov-health-alert","www.health.gov.au",
"site:*.gov.* coronavirus policy",78,"Job Retention Bonus - GOV.UK","https://www.gov.uk/government/publications/job-retention-bonus/job-retention-bonus","www.gov.uk",
"site:*.gov.* coronavirus policy",79,"Travelling to Jersey (safer travel guidance)","https://www.gov.je/JerseyTravel","www.gov.je",
"site:*.gov.* coronavirus policy",80,"Stay at home: guidance for households with possible or ...","https://www.gov.uk/government/publications/covid-19-stay-at-home-guidance/stay-at-home-guidance-for-households-with-possible-coronavirus-covid-19-infection","www.gov.uk",
"site:*.gov.* coronavirus policy",81,"Coronavirus (COVID-19): supplier relief SPPN 5/2020 - gov.scot","https://www.gov.scot/publications/coronavirus-covid-19-supplier-relief/","www.gov.scot",
"site:*.gov.* coronavirus policy",82,"Business ... - Department of Health and Human Services Victoria","https://www.dhhs.vic.gov.au/business-sector-coronavirus-disease-covid-19","www.dhhs.vic.gov.au",
"site:*.gov.* coronavirus policy",83,"Government.nl: Information from the Government of The ...","http://www.gov.nl/","www.gov.nl",
"site:*.gov.* coronavirus policy",84,"Japan travel advice - GOV.UK","https://www.gov.uk/foreign-travel-advice/japan","www.gov.uk",
"site:*.gov.* coronavirus policy",85,"Covid-19 Privacy Policy - Renfrewshire Website","https://www.renfrewshire.gov.uk/coronavirus-privacy-policy","www.renfrewshire.gov.uk",
"site:*.gov.* coronavirus policy",86,"Scottish Procurement Policy Notes (SPPNs) - gov.scot","https://www.gov.scot/collections/scottish-procurement-policy-notes-sppns/","www.gov.scot",
"site:*.gov.* coronavirus policy",87,"Paid Parental Leave Amendment (Coronavirus Economic ...","https://www.legislation.gov.au/Details/F2020L00726","www.legislation.gov.au",
"site:*.gov.* coronavirus policy",88,"COVID-19: advice for smokers and vapers - GOV.UK","https://www.gov.uk/government/publications/covid-19-advice-for-smokers-and-vapers","www.gov.uk",
"site:*.gov.* coronavirus policy",89,"Travel advice: coronavirus (COVID-19) - GOV.UK","https://www.gov.uk/guidance/travel-advice-novel-coronavirus","www.gov.uk",
"site:*.gov.* coronavirus policy",90,"Coronavirus - Croatia travel advice - GOV.UK","https://www.gov.uk/foreign-travel-advice/croatia/coronavirus","www.gov.uk",
"site:*.gov.* coronavirus policy",91,"New National Restrictions from 5 November - GOV.UK","https://www.gov.uk/guidance/new-national-restrictions-from-5-november","www.gov.uk",
"site:*.gov.* coronavirus policy",92,"OECD.org - OECD","https://tgap.saglik.gov.tr/TR,53441/oecd.html","tgap.saglik.gov.tr",
"site:*.gov.* coronavirus policy",93,"Reopening and adapting your food business during COVID-19","https://www.food.gov.uk/business-guidance/reopening-and-adapting-your-food-business-during-covid-19","www.food.gov.uk",
"site:*.gov.* coronavirus policy",94,"Coronavirus (COVID-19): MOT centre and tester guidance ...","https://www.gov.uk/guidance/coronavirus-covid-19-mot-centre-and-tester-guidance.","www.gov.uk",
"site:*.gov.* coronavirus policy",95,"Coronavirus updates and guidance | London City Hall","https://www.london.gov.uk/coronavirus","www.london.gov.uk",
"site:*.gov.* coronavirus policy",96,"[Withdrawn] Staying at home and away from others (social ...","https://www.gov.uk/government/publications/full-guidance-on-staying-at-home-and-away-from-others","www.gov.uk",
"site:*.gov.* coronavirus policy",97,"Coronavirus (COVID-19) and prisons - GOV.UK","https://www.gov.uk/guidance/coronavirus-covid-19-and-prisons","www.gov.uk",
"site:*.gov.* coronavirus policy",98,"Coronavirus: MOT centre and tester guidance - GOV.UK","https://www.gov.uk/guidance/coronavirus-mot-centre-and-tester-guidance","www.gov.uk",
"site:*.gov.* coronavirus policy",99,"Statement by Philip Lowe, Governor: Monetary Policy ... - RBA","https://www.rba.gov.au/media-releases/2020/mr-20-06.html","www.rba.gov.au",
"site:*.gov.* coronavirus policy",100,"[Withdrawn] Temporary relaxation of the enforcement of the ...","https://www.gov.uk/government/publications/temporary-relaxation-of-the-enforcement-of-the-drivers-hours-rules-all-sectors-carriage-of-goods-by-road","www.gov.uk",
"site:*.gov.* coronavirus policy",1,"Termo Legal de Uso | Coronavírus - coronavirus.pr.gov.br","http://www.coronavirus.pr.gov.br/Campanha/Pagina/Termo-Legal-de-Uso","www.coronavirus.pr.gov.br",
"site:*.gov.* coronavirus policy",2,"Brazil's Policy Responses to COVID-19","https://www.gov.br/economia/pt-br/centrais-de-conteudo/publicacoes/publicacoes-em-outros-idiomas/covid-19/covid-19-2020-04-14-brazil-policy-measures-1.pdf","www.gov.br",
"site:*.gov.* coronavirus policy",3,"TD 2559 - Medidas de Enfrentamento dos Efeitos Econômicos ...","https://www.ipea.gov.br/portal/index.php?option=com_content&view=article&id=35572&Itemid=448","www.ipea.gov.br",
"site:*.gov.* coronavirus policy",4,"TD 2576 - Política Econômica Emergencial Orientada para a ...","https://www.ipea.gov.br/portal/index.php?option=com_content&view=article&id=36248","www.ipea.gov.br",
"site:*.gov.* coronavirus policy",5,"How should competition policy react to coronavirus? - GOV.UK","https://www.gov.uk/government/news/how-should-competition-policy-react-to-coronavirus","www.gov.uk",
"site:*.gov.* coronavirus policy",6,"Procurement Policy Note 02/20: supplier relief due to ... - Gov.uk","https://www.gov.uk/government/publications/procurement-policy-note-0220-supplier-relief-due-to-covid-19","www.gov.uk",
"site:*.gov.* coronavirus policy",7,"Coronavirus (COVID-19) action plan - GOV.UK","https://www.gov.uk/government/publications/coronavirus-action-plan","www.gov.uk",
"site:*.gov.* coronavirus policy",8,"Supplier relief due to coronavirus (COVID-19): Procurement ...","https://www.gov.uk/government/publications/coronavirus-covid-19-maintaining-further-education-provision/procurement-policy-notice-ppn-0220-supplier-relief-due-to-covid-19-additional-post-16-educational-sector-guidance","www.gov.uk",
"site:*.gov.* coronavirus policy",9,"Procurement Policy Note 01/20: Responding to COVID-19 ...","https://www.gov.uk/government/publications/procurement-policy-note-0120-responding-to-covid-19","www.gov.uk",
"site:*.gov.* coronavirus policy",10,"Australian COVID-19 Vaccination Policy | Australian ...","https://www.health.gov.au/resources/publications/australian-covid-19-vaccination-policy","www.health.gov.au",
"site:*.gov.* coronavirus policy",11,"Visiting arrangements in care homes for the period of national ...","https://www.gov.uk/government/publications/visiting-care-homes-during-coronavirus/update-on-policies-for-visiting-arrangements-in-care-homes","www.gov.uk",
"site:*.gov.* coronavirus policy",12,"Working safely during coronavirus (COVID-19) - Guidance ...","https://www.gov.uk/guidance/working-safely-during-coronavirus-covid-19","www.gov.uk",
"site:*.gov.* coronavirus policy",13,"COVID-19: CMA to investigate cancellation policy concerns ...","https://www.gov.uk/government/news/covid-19-cma-to-investigate-cancellation-policy-concerns","www.gov.uk",
"site:*.gov.* coronavirus policy",14,"Coronavirus (COVID-19): Tier 4 sponsors, migrants and short ...","https://www.gov.uk/government/publications/coronavirus-covid-19-tier-4-sponsors-migrants-and-short-term-students","www.gov.uk",
"site:*.gov.* coronavirus policy",15,"Coronavirus action plan: a guide to what you can expect ...","https://www.gov.uk/government/publications/coronavirus-action-plan/coronavirus-action-plan-a-guide-to-what-you-can-expect-across-the-uk","www.gov.uk",
"site:*.gov.* coronavirus policy",16,"Covid-19: Update on tax policy documents - GOV.UK","https://www.gov.uk/government/news/covid-19-update-on-tax-policy-documents","www.gov.uk",
"site:*.gov.* coronavirus policy",17,"COVID-19 Vaccination Policy endorsement | Australian ...","https://www.health.gov.au/news/covid-19-vaccination-policy-endorsement","www.health.gov.au",
"site:*.gov.* coronavirus policy",18,"Procurement Policy Note 04/20: Recovery and Transition from ...","https://www.gov.uk/government/publications/procurement-policy-note-0420-recovery-and-transition-from-covid-19","www.gov.uk",
"site:*.gov.* coronavirus policy",19,"Coronavirus (COVID-19): guidance and support - GOV.UK","https://www.gov.uk/coronavirus","www.gov.uk",
"site:*.gov.* coronavirus policy",20,"Leis que podem reduzir o impacto do tabagismo na Covid-19 ...","https://www.inca.gov.br/en/node/3980","www.inca.gov.br",
"site:*.gov.* coronavirus policy",21,"Coronavirus (COVID-19): immigration and borders - GOV.UK","https://www.gov.uk/government/collections/coronavirus-covid-19-immigration-and-borders","www.gov.uk",
"site:*.gov.* coronavirus policy",22,"Rules that have been relaxed to help businesses during the ...","https://www.gov.uk/guidance/rules-that-have-been-relaxed-to-help-businesses-during-the-coronavirus-pandemic","www.gov.uk",
"site:*.gov.* coronavirus policy",23,"Coronavirus (COVID-19): scaling up testing programmes ...","https://www.gov.uk/government/publications/coronavirus-covid-19-scaling-up-testing-programmes","www.gov.uk",
"site:*.gov.* coronavirus policy",24,"Coronavirus (COVID-19): adult social care action plan - GOV.UK","https://www.gov.uk/government/publications/coronavirus-covid-19-adult-social-care-action-plan","www.gov.uk",
"site:*.gov.* coronavirus policy",25,"Coronavirus (COVID-19) information for employers ...","https://www.health.gov.au/resources/publications/coronavirus-covid-19-information-for-employers","www.health.gov.au",
"site:*.gov.* coronavirus policy",26,"Coronavirus (COVID-19): safeguarding in schools, colleges ...","https://www.gov.uk/government/publications/covid-19-safeguarding-in-schools-colleges-and-other-providers/coronavirus-covid-19-safeguarding-in-schools-colleges-and-other-providers","www.gov.uk",
"site:*.gov.* coronavirus policy",27,"policy options to support digitalization of business ... - OECD","https://www.mcit.gov.sa/sites/default/files/policy-options-to-support-digitalization-of-business-models-during-covid-19-annex.pdf","www.mcit.gov.sa",
"site:*.gov.* coronavirus policy",28,"Statement on coronavirus (COVID-19), consumer contracts ...","https://www.gov.uk/government/publications/cma-to-investigate-concerns-about-cancellation-policies-during-the-coronavirus-covid-19-pandemic/the-coronavirus-covid-19-pandemic-consumer-contracts-cancellation-and-refunds","www.gov.uk",
"site:*.gov.* coronavirus policy",29,"Government response to the COVID-19 outbreak | Australian ...","https://www.health.gov.au/news/health-alerts/novel-coronavirus-2019-ncov-health-alert/government-response-to-the-covid-19-outbreak","www.health.gov.au",
"site:*.gov.* coronavirus policy",30,"Coronavirus (COVID-19): jobs that qualify for travel ... - Gov.uk","https://www.gov.uk/government/publications/coronavirus-covid-19-travellers-exempt-from-uk-border-rules/coronavirus-covid-19-travellers-exempt-from-uk-border-rules","www.gov.uk",
"site:*.gov.* coronavirus policy",31,"Procurement Policy Note 03/20: Use of procurement cards ...","https://www.gov.uk/government/publications/procurement-policy-note-0320-use-of-procurement-cards-coronavirus","www.gov.uk",
"site:*.gov.* coronavirus policy",32,"Guidance for Employers on a Covid-19 (Coronavirus) Policy","https://www.glasgow.gov.uk/CHttpHandler.ashx?id=49408&p=0","www.glasgow.gov.uk",
"site:*.gov.* coronavirus policy",33,"Coronavirus (COVID-19): scaling up our testing programmes ...","https://www.gov.uk/government/publications/coronavirus-covid-19-scaling-up-testing-programmes/coronavirus-covid-19-scaling-up-our-testing-programmes","www.gov.uk",
"site:*.gov.* coronavirus policy",34,"Extension of the Coronavirus Job Retention Scheme - GOV.UK","https://www.gov.uk/government/publications/extension-to-the-coronavirus-job-retention-scheme/extension-of-the-coronavirus-job-retention-scheme","www.gov.uk",
"site:*.gov.* coronavirus policy",35,"Rules on carrying over annual leave to be relaxed to support ...","https://www.gov.uk/government/news/rules-on-carrying-over-annual-leave-to-be-relaxed-to-support-key-industries-during-covid-19","www.gov.uk",
"site:*.gov.* coronavirus policy",36,"Privacy policy: Ask the Prime Minister a question about ...","https://www.gov.uk/help/ask-privacy-policy","www.gov.uk",
"site:*.gov.* coronavirus policy",37,"Coronavirus (COVID-19): jobs that qualify for travel ... - Gov.uk","https://www.gov.uk/government/publications/coronavirus-covid-19-travellers-exempt-from-uk-border-rules","www.gov.uk",
"site:*.gov.* coronavirus policy",38,"[Withdrawn] Coronavirus (COVID-19): personal protective ...","https://www.gov.uk/government/publications/coronavirus-covid-19-personal-protective-equipment-ppe-plan","www.gov.uk",
"site:*.gov.* coronavirus policy",39,"Australia's COVID-19 vaccination policy | Australian ...","https://www.health.gov.au/news/health-alerts/novel-coronavirus-2019-ncov-health-alert/vaccines-and-treatments/australias-covid-19-vaccination-policy","www.health.gov.au",
"site:*.gov.* coronavirus policy",40,"Contract cancellations and refunds due to coronavirus (COVID ...","https://www.gov.uk/government/publications/cma-to-investigate-concerns-about-cancellation-policies-during-the-coronavirus-covid-19-pandemic","www.gov.uk",
"site:*.gov.* coronavirus policy",41,"[Withdrawn] Coronavirus (COVID-19): guidance for ... - Gov.uk","https://www.gov.uk/government/publications/guidance-to-educational-settings-about-covid-19/guidance-to-educational-settings-about-covid-19","www.gov.uk",
"site:*.gov.* coronavirus policy",42,"Coronavirus (COVID-19): how to self-isolate when you travel ...","https://www.gov.uk/government/publications/coronavirus-covid-19-how-to-self-isolate-when-you-travel-to-the-uk/coronavirus-covid-19-how-to-self-isolate-when-you-travel-to-the-uk","www.gov.uk",
"site:*.gov.* coronavirus policy",43,"Coronavirus (COVID-19): impact on construction contracts ...","https://www.gov.scot/publications/coronavirus-covid-19-impact-on-construction-contracts-cpn-1-2020/","www.gov.scot",
"site:*.gov.* coronavirus policy",44,"Coronavirus (COVID-19): guidance on isolation for residential ...","https://www.gov.uk/government/publications/coronavirus-covid-19-guidance-on-isolation-for-residential-educational-settings/coronavirus-covid-19-guidance-on-isolation-for-residential-educational-settings","www.gov.uk",
"site:*.gov.* coronavirus policy",45,"Coronavirus bill: summary of impacts - GOV.UK","https://www.gov.uk/government/publications/coronavirus-bill-summary-of-impacts/coronavirus-bill-summary-of-impacts","www.gov.uk",
"site:*.gov.* coronavirus policy",46,"Coronavirus (COVID-19): guidance on drivers' hours ... - Gov.uk","https://www.gov.uk/government/publications/covid-19-guidance-on-drivers-hours-relaxations/coronavirus-covid-19-guidance-on-drivers-hours-relaxations","www.gov.uk",
"site:*.gov.* coronavirus policy",47,"Physical distancing for coronavirus (COVID-19) | Australian ...","https://www.health.gov.au/news/health-alerts/novel-coronavirus-2019-ncov-health-alert/how-to-protect-yourself-and-others-from-coronavirus-covid-19/physical-distancing-for-coronavirus-covid-19","www.health.gov.au",
"site:*.gov.* coronavirus policy",48,"Coronavirus (COVID-19) restrictions | Australian Government ...","https://www.health.gov.au/news/health-alerts/novel-coronavirus-2019-ncov-health-alert/coronavirus-covid-19-restrictions","www.health.gov.au",
"site:*.gov.* coronavirus policy",49,"Changes to the Coronavirus Job Retention Scheme - GOV.UK","https://www.gov.uk/government/publications/changes-to-the-coronavirus-job-retention-scheme/changes-to-the-coronavirus-job-retention-scheme","www.gov.uk",
"site:*.gov.* coronavirus policy",50,"Coronavirus (COVID-19): Housing System Policy Circle - gov ...","https://www.gov.scot/groups/coronavirus-covid-19-housing-system-policy-circle/","www.gov.scot",
"site:*.gov.* coronavirus policy",51,"COVID-19 What you can and can't do under the rules","https://www.nsw.gov.au/covid-19/what-you-can-and-cant-do-under-rules","www.nsw.gov.au",
"site:*.gov.* coronavirus policy",52,"The Postponed Elections and Referendums (Coronavirus ...","https://www.legislation.gov.uk/uksi/2020/926/contents/made","www.legislation.gov.uk",
"site:*.gov.* coronavirus policy",53,"Coronavirus (COVID-19) - Building Control inspection policy ...","https://www.camden.gov.uk/about-building-control","www.camden.gov.uk",
"site:*.gov.* coronavirus policy",54,"Ministry of Justice - GOV.UK","https://www.gov.uk/government/organisations/ministry-of-justice","www.gov.uk",
"site:*.gov.* coronavirus policy",55,"Coronavirus (COVID-19): guidance - gov.scot","https://www.gov.scot/collections/coronavirus-covid-19-guidance/","www.gov.scot",
"site:*.gov.* coronavirus policy",56,"Coronavirus (COVID-19): Advice for PCBUs | Safe Work ...","https://www.safeworkaustralia.gov.au/doc/coronavirus-covid-19-advice-pcbus","www.safeworkaustralia.gov.au",
"site:*.gov.* coronavirus policy",57,"Coronavirus - Cyprus travel advice - GOV.UK","https://www.gov.uk/foreign-travel-advice/cyprus/coronavirus","www.gov.uk",
"site:*.gov.* coronavirus policy",58,"Visiting care homes during coronavirus - GOV.UK","https://www.gov.uk/government/publications/visiting-care-homes-during-coronavirus","www.gov.uk",
"site:*.gov.* coronavirus policy",59,"The Competition Act 1998 (Groceries) (Coronavirus) (Public ...","https://www.legislation.gov.uk/id/uksi/2020/369","www.legislation.gov.uk",
"site:*.gov.* coronavirus policy",60,"Admission and care of residents in a care home during COVID ...","https://www.gov.uk/government/publications/coronavirus-covid-19-admission-and-care-of-people-in-care-homes/coronavirus-covid-19-admission-and-care-of-people-in-care-homes","www.gov.uk",
"site:*.gov.* coronavirus policy",61,"Coronavirus Job Retention Scheme - GOV.UK","https://www.gov.uk/government/collections/coronavirus-job-retention-scheme","www.gov.uk",
"site:*.gov.* coronavirus policy",62,"Covid-19 Privacy Policy - Renfrewshire Website","https://www.renfrewshire.gov.uk/coronavirus-privacy-policy","www.renfrewshire.gov.uk",
"site:*.gov.* coronavirus policy",63,"Visit someone in prison during the coronavirus (COVID-19 ...","https://www.gov.uk/guidance/visit-someone-in-prison-during-the-coronavirus-covid-19-pandemic","www.gov.uk",
"site:*.gov.* coronavirus policy",64,"Coronavirus disease (COVID-19) outbreak - Ministry of ...","https://www.mofa.gov.tw/en/theme.aspx?n=635352E3900FFF8E&s=8A33013523400F35&sms=BCDE19B435833080","www.mofa.gov.tw",
"site:*.gov.* coronavirus policy",65,"Coronavirus Disease 2019 (COVID-19) - Control guidelines","https://www.health.nsw.gov.au/Infectious/controlguideline/Pages/novel-coronavirus.aspx","www.health.nsw.gov.au",
"site:*.gov.* coronavirus policy",66,"Coronavirus - Brazil travel advice - GOV.UK","https://www.gov.uk/foreign-travel-advice/brazil/coronavirus","www.gov.uk",
"site:*.gov.* coronavirus policy",67,"Social distancing to make your workplace COVID-secure - HSE","https://www.hse.gov.uk/coronavirus/social-distancing/index.htm","www.hse.gov.uk",
"site:*.gov.* coronavirus policy",68,"Customs authorisations during the coronavirus (COVID-19 ...","https://www.gov.uk/guidance/customs-authorisations-during-the-coronavirus-covid-19","www.gov.uk",
"site:*.gov.* coronavirus policy",69,"Coronavirus (COVID-19): Social Distancing - GOV.UK","https://www.gov.uk/government/publications/coronavirus-covid-19-meeting-with-others-safely-social-distancing/coronavirus-covid-19-meeting-with-others-safely-social-distancing","www.gov.uk",
"site:*.gov.* coronavirus policy",70,"Coronavirus (COVID-19): public use of face coverings - gov.scot","https://www.gov.scot/publications/coronavirus-covid-19-public-use-of-face-coverings/","www.gov.scot",
"site:*.gov.* coronavirus policy",71,"COVID-19 (coronavirus) - NSW Department of Education","https://education.nsw.gov.au/covid-19","education.nsw.gov.au",
"site:*.gov.* coronavirus policy",72,"Coronavirus (COVID-19): adult social care guidance - GOV.UK","https://www.gov.uk/government/collections/coronavirus-covid-19-social-care-guidance","www.gov.uk",
"site:*.gov.* coronavirus policy",73,"Coronavirus (COVID-19): supplier relief SPPN 5/2020 - gov.scot","https://www.gov.scot/publications/coronavirus-covid-19-supplier-relief/","www.gov.scot",
"site:*.gov.* coronavirus policy",74,"Self-Employment Income Support Scheme grant extension ...","https://www.gov.uk/government/publications/self-employment-income-support-scheme-grant-extension","www.gov.uk",
"site:*.gov.* coronavirus policy",75,"Safeguarding and remote education during coronavirus ...","https://www.gov.uk/guidance/safeguarding-and-remote-education-during-coronavirus-covid-19","www.gov.uk",
"site:*.gov.* coronavirus policy",76,"Travelling to Jersey (safer travel guidance)","https://www.gov.je/JerseyTravel","www.gov.je",
"site:*.gov.* coronavirus policy",77,"Business ... - Department of Health and Human Services Victoria","https://www.dhhs.vic.gov.au/business-sector-coronavirus-disease-covid-19","www.dhhs.vic.gov.au",
"site:*.gov.* coronavirus policy",78,"Coronavirus Economic Response Package (Payments and ...","https://www.legislation.gov.au/Details/F2020L00419","www.legislation.gov.au",
"site:*.gov.* coronavirus policy",79,"Job Retention Bonus - GOV.UK","https://www.gov.uk/government/publications/job-retention-bonus/job-retention-bonus","www.gov.uk",
"site:*.gov.* coronavirus policy",80,"Coronavirus - local rules and restrictions - Sheffield City Council","https://www.sheffield.gov.uk/home/your-city-council/coronavirus-hub/coronavirus-local-rules-restrictions","www.sheffield.gov.uk",
"site:*.gov.* coronavirus policy",81,"New National Restrictions from 5 November - GOV.UK","https://www.gov.uk/guidance/new-national-restrictions-from-5-november","www.gov.uk",
"site:*.gov.* coronavirus policy",82,"OECD.org - OECD","https://tgap.saglik.gov.tr/TR,53441/oecd.html","tgap.saglik.gov.tr",
"site:*.gov.* coronavirus policy",83,"COVID-19: infection prevention and control (IPC) - GOV.UK","https://www.gov.uk/government/publications/wuhan-novel-coronavirus-infection-prevention-and-control","www.gov.uk",
"site:*.gov.* coronavirus policy",84,"Scottish Procurement Policy Notes (SPPNs) - gov.scot","https://www.gov.scot/collections/scottish-procurement-policy-notes-sppns/","www.gov.scot",
"site:*.gov.* coronavirus policy",85,"Stay at home: guidance for households with possible or ...","https://www.gov.uk/government/publications/covid-19-stay-at-home-guidance/stay-at-home-guidance-for-households-with-possible-coronavirus-covid-19-infection","www.gov.uk",
"site:*.gov.* coronavirus policy",86,"COVID-19: advice for smokers and vapers - GOV.UK","https://www.gov.uk/government/publications/covid-19-advice-for-smokers-and-vapers","www.gov.uk",
"site:*.gov.* coronavirus policy",87,"Statement by Philip Lowe, Governor: Monetary Policy ... - RBA","https://www.rba.gov.au/media-releases/2020/mr-20-06.html","www.rba.gov.au",
"site:*.gov.* coronavirus policy",88,"Coronavirus (COVID-19): MOT centre and tester guidance ...","https://www.gov.uk/guidance/coronavirus-covid-19-mot-centre-and-tester-guidance.","www.gov.uk",
"site:*.gov.* coronavirus policy",89,"Coronavirus (COVID-19) health alert | Australian Government ...","https://www.health.gov.au/news/health-alerts/novel-coronavirus-2019-ncov-health-alert","www.health.gov.au",
"site:*.gov.* coronavirus policy",90,"[Withdrawn] Temporary relaxation of the enforcement of the ...","https://www.gov.uk/government/publications/temporary-relaxation-of-the-enforcement-of-the-drivers-hours-rules-all-sectors-carriage-of-goods-by-road","www.gov.uk",
"site:*.gov.* coronavirus policy",91,"Coronavirus (COVID-19): Community Infrastructure Levy ...","https://www.gov.uk/guidance/coronavirus-covid-19-community-infrastructure-levy-guidance","www.gov.uk",
"site:*.gov.* coronavirus policy",92,"[Withdrawn] Staying at home and away from others (social ...","https://www.gov.uk/government/publications/full-guidance-on-staying-at-home-and-away-from-others","www.gov.uk",
"site:*.gov.* coronavirus policy",93,"Coronavirus (COVID-19) and prisons - GOV.UK","https://www.gov.uk/guidance/coronavirus-covid-19-and-prisons","www.gov.uk",
"site:*.gov.* coronavirus policy",94,"Prefeitura de Goiânia: Página Inicial","https://www.goiania.go.gov.br/","www.goiania.go.gov.br",
"site:*.gov.* coronavirus policy",95,"Coronavirus: MOT centre and tester guidance - GOV.UK","https://www.gov.uk/guidance/coronavirus-mot-centre-and-tester-guidance","www.gov.uk",
"site:*.gov.* coronavirus policy",96,"Hospital discharge service: policy and operating model - Gov.uk","https://www.gov.uk/government/publications/hospital-discharge-service-policy-and-operating-model","www.gov.uk",
"site:*.gov.* coronavirus policy",97,"Reopening and adapting your food business during COVID-19","https://www.food.gov.uk/business-guidance/reopening-and-adapting-your-food-business-during-covid-19","www.food.gov.uk",
"site:*.gov.* coronavirus policy",98,"Coronavirus updates and guidance | London City Hall","https://www.london.gov.uk/coronavirus","www.london.gov.uk",
"site:*.gov.* coronavirus policy",99,"Global Health Policy | KFF - Kaiser Family Foundation","https://eresources.sl.nsw.gov.au/node/410/view-online","eresources.sl.nsw.gov.au",
"site:*.gov.* coronavirus policy",100,"Vehicles - Working safely during coronavirus (COVID-19 ...","https://www.gov.uk/guidance/working-safely-during-coronavirus-covid-19/vehicles","www.gov.uk",
"site:*.gov.* coronavirus policy",1,"How should competition policy react to coronavirus? - GOV.UK","https://www.gov.uk/government/news/how-should-competition-policy-react-to-coronavirus","www.gov.uk",
"site:*.gov.* coronavirus policy",2,"Procurement Policy Note 02/20: supplier relief due to ... - Gov.uk","https://www.gov.uk/government/publications/procurement-policy-note-0220-supplier-relief-due-to-covid-19","www.gov.uk",
"site:*.gov.* coronavirus policy",3,"Supplier relief due to coronavirus (COVID-19): Procurement ...","https://www.gov.uk/government/publications/coronavirus-covid-19-maintaining-further-education-provision/procurement-policy-notice-ppn-0220-supplier-relief-due-to-covid-19-additional-post-16-educational-sector-guidance","www.gov.uk",
"site:*.gov.* coronavirus policy",4,"Coronavirus (COVID-19) action plan - GOV.UK","https://www.gov.uk/government/publications/coronavirus-action-plan","www.gov.uk",
"site:*.gov.* coronavirus policy",5,"Procurement Policy Note 01/20: Responding to COVID-19 ...","https://www.gov.uk/government/publications/procurement-policy-note-0120-responding-to-covid-19","www.gov.uk",
"site:*.gov.* coronavirus policy",6,"How to restart national economies during the coronavirus crisis","https://www.enterprisegreece.gov.gr/assets/content/files/c38/a4289/f495/How-to-restart-national-economies-during-the-coronavirus-crisis-vF.pdf","www.enterprisegreece.gov.gr",
"site:*.gov.* coronavirus policy",7,"Australian COVID-19 Vaccination Policy | Australian ...","https://www.health.gov.au/resources/publications/australian-covid-19-vaccination-policy","www.health.gov.au",
"site:*.gov.* coronavirus policy",8,"Visiting arrangements in care homes for the period of national ...","https://www.gov.uk/government/publications/visiting-care-homes-during-coronavirus/update-on-policies-for-visiting-arrangements-in-care-homes","www.gov.uk",
"site:*.gov.* coronavirus policy",9,"Working safely during coronavirus (COVID-19) - Guidance ...","https://www.gov.uk/guidance/working-safely-during-coronavirus-covid-19","www.gov.uk",
"site:*.gov.* coronavirus policy",10,"Coronavirus action plan: a guide to what you can expect ...","https://www.gov.uk/government/publications/coronavirus-action-plan/coronavirus-action-plan-a-guide-to-what-you-can-expect-across-the-uk","www.gov.uk",
"site:*.gov.* coronavirus policy",11,"COVID-19: CMA to investigate cancellation policy concerns ...","https://www.gov.uk/government/news/covid-19-cma-to-investigate-cancellation-policy-concerns","www.gov.uk",
"site:*.gov.* coronavirus policy",12,"Coronavirus (COVID-19): Tier 4 sponsors, migrants and short ...","https://www.gov.uk/government/publications/coronavirus-covid-19-tier-4-sponsors-migrants-and-short-term-students","www.gov.uk",
"site:*.gov.* coronavirus policy",13,"Covid-19: Update on tax policy documents - GOV.UK","https://www.gov.uk/government/news/covid-19-update-on-tax-policy-documents","www.gov.uk",
"site:*.gov.* coronavirus policy",14,"COVID-19 Vaccination Policy endorsement | Australian ...","https://www.health.gov.au/news/covid-19-vaccination-policy-endorsement","www.health.gov.au",
"site:*.gov.* coronavirus policy",15,"Procurement Policy Note 04/20: Recovery and Transition from ...","https://www.gov.uk/government/publications/procurement-policy-note-0420-recovery-and-transition-from-covid-19","www.gov.uk",
"site:*.gov.* coronavirus policy",16,"Coronavirus (COVID-19): safeguarding in schools, colleges ...","https://www.gov.uk/government/publications/covid-19-safeguarding-in-schools-colleges-and-other-providers/coronavirus-covid-19-safeguarding-in-schools-colleges-and-other-providers","www.gov.uk",
"site:*.gov.* coronavirus policy",17,"Coronavirus (COVID-19): adult social care action plan - GOV.UK","https://www.gov.uk/government/publications/coronavirus-covid-19-adult-social-care-action-plan","www.gov.uk",
"site:*.gov.* coronavirus policy",18,"Coronavirus (COVID-19): guidance and support - GOV.UK","https://www.gov.uk/coronavirus","www.gov.uk",
"site:*.gov.* coronavirus policy",19,"Coronavirus (COVID-19): immigration and borders - GOV.UK","https://www.gov.uk/government/collections/coronavirus-covid-19-immigration-and-borders","www.gov.uk",
"site:*.gov.* coronavirus policy",20,"Guidance for Employers on a Covid-19 (Coronavirus) Policy","https://www.glasgow.gov.uk/CHttpHandler.ashx?id=49408&p=0","www.glasgow.gov.uk",
"site:*.gov.* coronavirus policy",21,"Rules that have been relaxed to help businesses during the ...","https://www.gov.uk/guidance/rules-that-have-been-relaxed-to-help-businesses-during-the-coronavirus-pandemic","www.gov.uk",
"site:*.gov.* coronavirus policy",22,"Procurement Policy Note 03/20: Use of procurement cards ...","https://www.gov.uk/government/publications/procurement-policy-note-0320-use-of-procurement-cards-coronavirus","www.gov.uk",
"site:*.gov.* coronavirus policy",23,"Coronavirus (COVID-19) information for employers ...","https://www.health.gov.au/resources/publications/coronavirus-covid-19-information-for-employers","www.health.gov.au",
"site:*.gov.* coronavirus policy",24,"Statement on coronavirus (COVID-19), consumer contracts ...","https://www.gov.uk/government/publications/cma-to-investigate-concerns-about-cancellation-policies-during-the-coronavirus-covid-19-pandemic/the-coronavirus-covid-19-pandemic-consumer-contracts-cancellation-and-refunds","www.gov.uk",
"site:*.gov.* coronavirus policy",25,"Coronavirus (COVID-19): jobs that qualify for travel ... - Gov.uk","https://www.gov.uk/government/publications/coronavirus-covid-19-travellers-exempt-from-uk-border-rules/coronavirus-covid-19-travellers-exempt-from-uk-border-rules","www.gov.uk",
"site:*.gov.* coronavirus policy",26,"Coronavirus (COVID-19): scaling up testing programmes ...","https://www.gov.uk/government/publications/coronavirus-covid-19-scaling-up-testing-programmes","www.gov.uk",
"site:*.gov.* coronavirus policy",27,"Government response to the COVID-19 outbreak | Australian ...","https://www.health.gov.au/news/health-alerts/novel-coronavirus-2019-ncov-health-alert/government-response-to-the-covid-19-outbreak","www.health.gov.au",
"site:*.gov.* coronavirus policy",28,"Coronavirus (COVID-19): jobs that qualify for travel ... - Gov.uk","https://www.gov.uk/government/publications/coronavirus-covid-19-travellers-exempt-from-uk-border-rules","www.gov.uk",
"site:*.gov.* coronavirus policy",29,"Extension of the Coronavirus Job Retention Scheme - GOV.UK","https://www.gov.uk/government/publications/extension-to-the-coronavirus-job-retention-scheme/extension-of-the-coronavirus-job-retention-scheme","www.gov.uk",
"site:*.gov.* coronavirus policy",30,"Privacy policy: Ask the Prime Minister a question about ...","https://www.gov.uk/help/ask-privacy-policy","www.gov.uk",
"site:*.gov.* coronavirus policy",31,"Slides and datasets to accompany coronavirus press ... - Gov.uk","https://www.gov.uk/government/publications/slides-and-datasets-to-accompany-coronavirus-press-conference-15-april-2020","www.gov.uk",
"site:*.gov.* coronavirus policy",32,"Coronavirus (COVID-19): scaling up our testing programmes ...","https://www.gov.uk/government/publications/coronavirus-covid-19-scaling-up-testing-programmes/coronavirus-covid-19-scaling-up-our-testing-programmes","www.gov.uk",
"site:*.gov.* coronavirus policy",33,"Rules on carrying over annual leave to be relaxed to support ...","https://www.gov.uk/government/news/rules-on-carrying-over-annual-leave-to-be-relaxed-to-support-key-industries-during-covid-19","www.gov.uk",
"site:*.gov.* coronavirus policy",34,"Coronavirus (COVID-19): how to self-isolate when you travel ...","https://www.gov.uk/government/publications/coronavirus-covid-19-how-to-self-isolate-when-you-travel-to-the-uk/coronavirus-covid-19-how-to-self-isolate-when-you-travel-to-the-uk","www.gov.uk",
"site:*.gov.* coronavirus policy",35,"[Withdrawn] Coronavirus (COVID-19): personal protective ...","https://www.gov.uk/government/publications/coronavirus-covid-19-personal-protective-equipment-ppe-plan","www.gov.uk",
"site:*.gov.* coronavirus policy",36,"Australia's COVID-19 vaccination policy | Australian ...","https://www.health.gov.au/news/health-alerts/novel-coronavirus-2019-ncov-health-alert/vaccines-and-treatments/australias-covid-19-vaccination-policy","www.health.gov.au",
"site:*.gov.* coronavirus policy",37,"COVID-19 What you can and can't do under the rules","https://www.nsw.gov.au/covid-19/what-you-can-and-cant-do-under-rules","www.nsw.gov.au",
"site:*.gov.* coronavirus policy",38,"Contract cancellations and refunds due to coronavirus (COVID ...","https://www.gov.uk/government/publications/cma-to-investigate-concerns-about-cancellation-policies-during-the-coronavirus-covid-19-pandemic","www.gov.uk",
"site:*.gov.* coronavirus policy",39,"(Groceries) (Coronavirus) (Public Policy Exclusion) Order 2020","https://www.legislation.gov.uk/uksi/2020/369/made","www.legislation.gov.uk",
"site:*.gov.* coronavirus policy",40,"[Withdrawn] Coronavirus (COVID-19): guidance for ... - Gov.uk","https://www.gov.uk/government/publications/guidance-to-educational-settings-about-covid-19/guidance-to-educational-settings-about-covid-19","www.gov.uk",
"site:*.gov.* coronavirus policy",41,"Coronavirus (COVID-19): guidance on isolation for residential ...","https://www.gov.uk/government/publications/coronavirus-covid-19-guidance-on-isolation-for-residential-educational-settings/coronavirus-covid-19-guidance-on-isolation-for-residential-educational-settings","www.gov.uk",
"site:*.gov.* coronavirus policy",42,"Coronavirus (COVID-19): impact on construction contracts ...","https://www.gov.scot/publications/coronavirus-covid-19-impact-on-construction-contracts-cpn-1-2020/","www.gov.scot",
"site:*.gov.* coronavirus policy",43,"Coronavirus bill: summary of impacts - GOV.UK","https://www.gov.uk/government/publications/coronavirus-bill-summary-of-impacts/coronavirus-bill-summary-of-impacts","www.gov.uk",
"site:*.gov.* coronavirus policy",44,"Coronavirus (COVID-19): guidance on drivers' hours ... - Gov.uk","https://www.gov.uk/government/publications/covid-19-guidance-on-drivers-hours-relaxations/coronavirus-covid-19-guidance-on-drivers-hours-relaxations","www.gov.uk",
"site:*.gov.* coronavirus policy",45,"Coronavirus (COVID-19) restrictions | Australian Government ...","https://www.health.gov.au/news/health-alerts/novel-coronavirus-2019-ncov-health-alert/coronavirus-covid-19-restrictions","www.health.gov.au",
"site:*.gov.* coronavirus policy",46,"Physical distancing for coronavirus (COVID-19) | Australian ...","https://www.health.gov.au/news/health-alerts/novel-coronavirus-2019-ncov-health-alert/how-to-protect-yourself-and-others-from-coronavirus-covid-19/physical-distancing-for-coronavirus-covid-19","www.health.gov.au",
"site:*.gov.* coronavirus policy",47,"Coronavirus (COVID-19): Advice for PCBUs | Safe Work ...","https://www.safeworkaustralia.gov.au/doc/coronavirus-covid-19-advice-pcbus","www.safeworkaustralia.gov.au",
"site:*.gov.* coronavirus policy",48,"Changes to the Coronavirus Job Retention Scheme - GOV.UK","https://www.gov.uk/government/publications/changes-to-the-coronavirus-job-retention-scheme/changes-to-the-coronavirus-job-retention-scheme","www.gov.uk",
"site:*.gov.* coronavirus policy",49,"Coronavirus (COVID-19): Housing System Policy Circle - gov ...","https://www.gov.scot/groups/coronavirus-covid-19-housing-system-policy-circle/","www.gov.scot",
"site:*.gov.* coronavirus policy",50,"Visiting care homes during coronavirus - GOV.UK","https://www.gov.uk/government/publications/visiting-care-homes-during-coronavirus","www.gov.uk",
"site:*.gov.* coronavirus policy",51,"Admission and care of residents in a care home during COVID ...","https://www.gov.uk/government/publications/coronavirus-covid-19-admission-and-care-of-people-in-care-homes/coronavirus-covid-19-admission-and-care-of-people-in-care-homes","www.gov.uk",
"site:*.gov.* coronavirus policy",52,"Coronavirus - Mexico travel advice - GOV.UK","https://www.gov.uk/foreign-travel-advice/mexico/coronavirus","www.gov.uk",
"site:*.gov.* coronavirus policy",53,"The Postponed Elections and Referendums (Coronavirus ...","https://www.legislation.gov.uk/uksi/2020/926/contents/made","www.legislation.gov.uk",
"site:*.gov.* coronavirus policy",54,"Covid-19 Privacy Policy - Renfrewshire Website","http://renfrewshire.gov.uk/coronavirus-privacy-policy","renfrewshire.gov.uk",
"site:*.gov.* coronavirus policy",55,"The Civil Procedure (Amendment No. 5) (Coronavirus) Rules ...","https://www.legislation.gov.uk/uksi/2020/889/contents/made","www.legislation.gov.uk",
"site:*.gov.* coronavirus policy",56,"Coronavirus (COVID-19) - Building Control inspection policy ...","https://www.camden.gov.uk/about-building-control","www.camden.gov.uk",
"site:*.gov.* coronavirus policy",57,"Coronavirus updates and guidance | London City Hall","https://www.london.gov.uk/coronavirus","www.london.gov.uk",
"site:*.gov.* coronavirus policy",58,"Ministry of Justice - GOV.UK","https://www.gov.uk/government/organisations/ministry-of-justice","www.gov.uk",
"site:*.gov.* coronavirus policy",59,"Mexico travel advice - GOV.UK","https://www.gov.uk/foreign-travel-advice/mexico","www.gov.uk",
"site:*.gov.* coronavirus policy",60,"Coronavirus (COVID-19): guidance - gov.scot","https://www.gov.scot/collections/coronavirus-covid-19-guidance/","www.gov.scot",
"site:*.gov.* coronavirus policy",61,"Coronavirus (COVID-19) - NHS","https://www.leicester.gov.uk/shortcut-pages/external/nhs/","www.leicester.gov.uk",
"site:*.gov.* coronavirus policy",62,"Coronavirus - Cyprus travel advice - GOV.UK","https://www.gov.uk/foreign-travel-advice/cyprus/coronavirus","www.gov.uk",
"site:*.gov.* coronavirus policy",63,"(Groceries) (Coronavirus) (Public Policy Exclusion) Order 2020","https://www.legislation.gov.uk/id/uksi/2020/369","www.legislation.gov.uk",
"site:*.gov.* coronavirus policy",64,"Coronavirus Job Retention Scheme - GOV.UK","https://www.gov.uk/government/collections/coronavirus-job-retention-scheme","www.gov.uk",
"site:*.gov.* coronavirus policy",65,"Visit someone in prison during the coronavirus (COVID-19 ...","https://www.gov.uk/guidance/visit-someone-in-prison-during-the-coronavirus-covid-19-pandemic","www.gov.uk",
"site:*.gov.* coronavirus policy",66,"Coronavirus disease (COVID-19) outbreak - Ministry of ...","https://www.mofa.gov.tw/en/theme.aspx?n=635352E3900FFF8E&s=8A33013523400F35&sms=BCDE19B435833080","www.mofa.gov.tw",
"site:*.gov.* coronavirus policy",67,"Social distancing to make your workplace COVID-secure - HSE","https://www.hse.gov.uk/coronavirus/social-distancing/index.htm","www.hse.gov.uk",
"site:*.gov.* coronavirus policy",68,"The Competition Act 1998 (Health Services for Patients in ...","https://www.legislation.gov.uk/uksi/2020/368/contents/made","www.legislation.gov.uk",
"site:*.gov.* coronavirus policy",69,"Customs authorisations during the coronavirus (COVID-19 ...","https://www.gov.uk/guidance/customs-authorisations-during-the-coronavirus-covid-19","www.gov.uk",
"site:*.gov.* coronavirus policy",70,"Coronavirus (COVID-19): Social Distancing - GOV.UK","https://www.gov.uk/government/publications/coronavirus-covid-19-meeting-with-others-safely-social-distancing/coronavirus-covid-19-meeting-with-others-safely-social-distancing","www.gov.uk",
"site:*.gov.* coronavirus policy",71,"Coronavirus (COVID-19): public use of face coverings - gov.scot","https://www.gov.scot/publications/coronavirus-covid-19-public-use-of-face-coverings/","www.gov.scot",
"site:*.gov.* coronavirus policy",72,"COVID-19: infection prevention and control (IPC) - GOV.UK","https://www.gov.uk/government/publications/wuhan-novel-coronavirus-infection-prevention-and-control","www.gov.uk",
"site:*.gov.* coronavirus policy",73,"Self-Employment Income Support Scheme grant extension ...","https://www.gov.uk/government/publications/self-employment-income-support-scheme-grant-extension","www.gov.uk",
"site:*.gov.* coronavirus policy",74,"COVID-19 (coronavirus) - NSW Department of Education","https://education.nsw.gov.au/covid-19","education.nsw.gov.au",
"site:*.gov.* coronavirus policy",75,"Coronavirus (COVID-19): adult social care guidance - GOV.UK","https://www.gov.uk/government/collections/coronavirus-covid-19-social-care-guidance","www.gov.uk",
"site:*.gov.* coronavirus policy",76,"Safeguarding and remote education during coronavirus ...","https://www.gov.uk/guidance/safeguarding-and-remote-education-during-coronavirus-covid-19","www.gov.uk",
"site:*.gov.* coronavirus policy",77,"Travelling to Jersey (safer travel guidance)","https://www.gov.je/JerseyTravel","www.gov.je",
"site:*.gov.* coronavirus policy",78,"[Withdrawn] Coronavirus (COVID-19): hospital discharge ...","https://www.gov.uk/government/publications/coronavirus-covid-19-hospital-discharge-service-requirements","www.gov.uk",
"site:*.gov.* coronavirus policy",79,"Business ... - Department of Health and Human Services Victoria","https://www.dhhs.vic.gov.au/business-sector-coronavirus-disease-covid-19","www.dhhs.vic.gov.au",
"site:*.gov.* coronavirus policy",80,"Job Retention Bonus - GOV.UK","https://www.gov.uk/government/publications/job-retention-bonus/job-retention-bonus","www.gov.uk",
"site:*.gov.* coronavirus policy",81,"Coronavirus Economic Response Package (Payments and ...","https://www.legislation.gov.au/Details/F2020L00419","www.legislation.gov.au",
"site:*.gov.* coronavirus policy",82,"Coronavirus - local rules and restrictions - Sheffield City Council","https://www.sheffield.gov.uk/home/your-city-council/coronavirus-hub/coronavirus-local-rules-restrictions","www.sheffield.gov.uk",
"site:*.gov.* coronavirus policy",83,"Stay at home: guidance for households with possible or ...","https://www.gov.uk/government/publications/covid-19-stay-at-home-guidance/stay-at-home-guidance-for-households-with-possible-coronavirus-covid-19-infection","www.gov.uk",
"site:*.gov.* coronavirus policy",84,"New National Restrictions from 5 November - GOV.UK","https://www.gov.uk/guidance/new-national-restrictions-from-5-november","www.gov.uk",
"site:*.gov.* coronavirus policy",85,"Coronavirus (COVID-19) health alert | Australian Government ...","https://www.health.gov.au/news/health-alerts/novel-coronavirus-2019-ncov-health-alert","www.health.gov.au",
"site:*.gov.* coronavirus policy",86,"Scottish Procurement Policy Notes (SPPNs) - gov.scot","https://www.gov.scot/collections/scottish-procurement-policy-notes-sppns/","www.gov.scot",
"site:*.gov.* coronavirus policy",87,"COVID-19: advice for smokers and vapers - GOV.UK","https://www.gov.uk/government/publications/covid-19-advice-for-smokers-and-vapers","www.gov.uk",
"site:*.gov.* coronavirus policy",88,"Statement by Philip Lowe, Governor: Monetary Policy ... - RBA","https://www.rba.gov.au/media-releases/2020/mr-20-06.html","www.rba.gov.au",
"site:*.gov.* coronavirus policy",89,"[Withdrawn] Staying at home and away from others (social ...","https://www.gov.uk/government/publications/full-guidance-on-staying-at-home-and-away-from-others","www.gov.uk",
"site:*.gov.* coronavirus policy",90,"Coronavirus (COVID-19): bereavement scheme for family ...","https://www.gov.uk/guidance/coronavirus-covid-19-bereavement-scheme-for-family-members-of-nhs-and-health-and-social-care-workers","www.gov.uk",
"site:*.gov.* coronavirus policy",91,"Slides and datasets to accompany coronavirus press ... - Gov.uk","https://www.gov.uk/government/publications/slides-and-datasets-to-accompany-coronavirus-press-conference-22-may-2020","www.gov.uk",
"site:*.gov.* coronavirus policy",92,"Coronavirus (COVID-19) and prisons - GOV.UK","https://www.gov.uk/guidance/coronavirus-covid-19-and-prisons","www.gov.uk",
"site:*.gov.* coronavirus policy",93,"Coronavirus: MOT centre and tester guidance - GOV.UK","https://www.gov.uk/guidance/coronavirus-mot-centre-and-tester-guidance","www.gov.uk",
"site:*.gov.* coronavirus policy",94,"Coronavirus (COVID-19): travel corridors - GOV.UK","https://www.gov.uk/guidance/coronavirus-covid-19-travel-corridors","www.gov.uk",
"site:*.gov.* coronavirus policy",95,"Travel advice: coronavirus (COVID-19) - GOV.UK","https://www.gov.uk/guidance/travel-advice-novel-coronavirus","www.gov.uk",
"site:*.gov.* coronavirus policy",96,"Coronavirus (COVID-19) advice for accommodation providers ...","https://www.gov.uk/guidance/covid-19-advice-for-accommodation-providers","www.gov.uk",
"site:*.gov.* coronavirus policy",97,"Reopening and adapting your food business during COVID-19","https://www.food.gov.uk/business-guidance/reopening-and-adapting-your-food-business-during-covid-19","www.food.gov.uk",
"site:*.gov.* coronavirus policy",98,"Coronavirus (COVID-19) information | ACECQA","https://www.acecqa.gov.au/covid-19","www.acecqa.gov.au",
"site:*.gov.* coronavirus policy",99,"Vehicles - Working safely during coronavirus (COVID-19 ...","https://www.gov.uk/guidance/working-safely-during-coronavirus-covid-19/vehicles","www.gov.uk",
"site:*.gov.* coronavirus policy",100,"Coronavirus Guidance for Employees & Supervisors | Human ...","http://https.hr.ucdavis.edu.443z9e54.www.weinan.gov.cn.ipv6.weinan.gov.cn/coronavirus","https.hr.ucdavis.edu.443z9e54.www.weinan.gov.cn.ipv6.weinan.gov.cn",
"site:*.gov.* coronavirus policy",1,"Coronavirus (COVID-19): guidance and support - GOV.UK","https://www.gov.uk/coronavirus","www.gov.uk",
"site:*.gov.* coronavirus policy",2,"Working safely during coronavirus (COVID-19) - Guidance ...","https://www.gov.uk/guidance/working-safely-during-coronavirus-covid-19","www.gov.uk",
"site:*.gov.* coronavirus policy",3,"Coronavirus (COVID-19) information for hotels and hotel staff ...","https://www.health.gov.au/resources/publications/coronavirus-covid-19-information-for-hotels-and-hotel-staff","www.health.gov.au",
"site:*.gov.* coronavirus policy",4,"Visiting arrangements in care homes for the period of national ...","https://www.gov.uk/government/publications/visiting-care-homes-during-coronavirus/update-on-policies-for-visiting-arrangements-in-care-homes","www.gov.uk",
"site:*.gov.* coronavirus policy",5,"Australian COVID-19 Vaccination Policy | Australian ...","https://www.health.gov.au/resources/publications/australian-covid-19-vaccination-policy","www.health.gov.au",
"site:*.gov.* coronavirus policy",6,"Coronavirus (COVID-19) restrictions | Australian Government ...","https://www.health.gov.au/news/health-alerts/novel-coronavirus-2019-ncov-health-alert/coronavirus-covid-19-restrictions","www.health.gov.au",
"site:*.gov.* coronavirus policy",7,"Australia's COVID-19 vaccination policy | Australian ...","https://www.health.gov.au/news/health-alerts/novel-coronavirus-2019-ncov-health-alert/vaccines-and-treatments/australias-covid-19-vaccination-policy","www.health.gov.au",
"site:*.gov.* coronavirus policy",8,"Coronavirus (COVID-19) Update: Daily Roundup April 15 ...","http://https.www.fda.gov.443z5f58.www.weinan.gov.cn.ipv6.weinan.gov.cn/news-events/press-announcements/coronavirus-covid-19-update-daily-roundup-april-15-2020","https.www.fda.gov.443z5f58.www.weinan.gov.cn.ipv6.weinan.gov.cn",
"site:*.gov.* coronavirus policy",9,"COVID-19 Vaccination Policy endorsement | Australian ...","https://www.health.gov.au/news/covid-19-vaccination-policy-endorsement","www.health.gov.au",
"site:*.gov.* coronavirus policy",10,"Physical distancing for coronavirus (COVID-19) | Australian ...","https://www.health.gov.au/news/health-alerts/novel-coronavirus-2019-ncov-health-alert/how-to-protect-yourself-and-others-from-coronavirus-covid-19/physical-distancing-for-coronavirus-covid-19","www.health.gov.au",
"site:*.gov.* coronavirus policy",11,"Government response to the COVID-19 outbreak | Australian ...","https://www.health.gov.au/news/health-alerts/novel-coronavirus-2019-ncov-health-alert/government-response-to-the-covid-19-outbreak","www.health.gov.au",
"site:*.gov.* coronavirus policy",12,"Stay at home: guidance for households with possible or ...","https://www.gov.uk/government/publications/covid-19-stay-at-home-guidance/stay-at-home-guidance-for-households-with-possible-coronavirus-covid-19-infection","www.gov.uk",
"site:*.gov.* coronavirus policy",13,"Coronavirus (COVID-19): immigration and borders - GOV.UK","https://www.gov.uk/government/collections/coronavirus-covid-19-immigration-and-borders","www.gov.uk",
"site:*.gov.* coronavirus policy",14,"Coronavirus Disease 2019 (COVID-19) - Control guidelines","https://www.health.nsw.gov.au/Infectious/controlguideline/Pages/novel-coronavirus.aspx","www.health.nsw.gov.au",
"site:*.gov.* coronavirus policy",15,"Good hygiene for coronavirus (COVID-19) | Australian ...","https://www.health.gov.au/news/health-alerts/novel-coronavirus-2019-ncov-health-alert/how-to-protect-yourself-and-others-from-coronavirus-covid-19/good-hygiene-for-coronavirus-covid-19","www.health.gov.au",
"site:*.gov.* coronavirus policy",16,"Coronavirus (COVID-19) action plan - GOV.UK","https://www.gov.uk/government/publications/coronavirus-action-plan","www.gov.uk",
"site:*.gov.* coronavirus policy",17,"Coronavirus - Department of Health and Human Services ...","https://www.dhhs.vic.gov.au/coronavirus","www.dhhs.vic.gov.au",
"site:*.gov.* coronavirus policy",18,"Coronavirus (COVID-19): guidance on isolation for residential ...","https://www.gov.uk/government/publications/coronavirus-covid-19-guidance-on-isolation-for-residential-educational-settings/coronavirus-covid-19-guidance-on-isolation-for-residential-educational-settings","www.gov.uk",
"site:*.gov.* coronavirus policy",19,"Emergency Measures and COVID-19 - OHCHR","https://www.gov.za/sites/default/files/gcis_documents/UNOHCHR%20EmergencyMeasures_COVID19%20Guidance.pdf","www.gov.za",
"site:*.gov.* coronavirus policy",20,"Statement on coronavirus (COVID-19), consumer contracts ...","https://www.gov.uk/government/publications/cma-to-investigate-concerns-about-cancellation-policies-during-the-coronavirus-covid-19-pandemic/the-coronavirus-covid-19-pandemic-consumer-contracts-cancellation-and-refunds","www.gov.uk",
"site:*.gov.* coronavirus policy",21,"Coronavirus (COVID-19): Tier 4 sponsors, migrants and short ...","https://www.gov.uk/government/publications/coronavirus-covid-19-tier-4-sponsors-migrants-and-short-term-students","www.gov.uk",
"site:*.gov.* coronavirus policy",22,"Coronavirus (COVID-19) information for employers ...","https://www.health.gov.au/resources/publications/coronavirus-covid-19-information-for-employers","www.health.gov.au",
"site:*.gov.* coronavirus policy",23,"Investment Policy Responses to the COVID-19 ... - UNCTAD","https://www.enterprisegreece.gov.gr/assets/content/files/c38/a4204/f495/diaepcbinf2020d3_en.pdf","www.enterprisegreece.gov.gr",
"site:*.gov.* coronavirus policy",24,"Coronavirus (COVID-19) advice on managing the health risks ...","https://www.health.gov.au/resources/publications/coronavirus-covid-19-advice-on-managing-the-health-risks-from-covid-19-on-international-flights","www.health.gov.au",
"site:*.gov.* coronavirus policy",25,"How to protect yourself and others from coronavirus (COVID-19)","https://www.health.gov.au/news/health-alerts/novel-coronavirus-2019-ncov-health-alert/how-to-protect-yourself-and-others-from-coronavirus-covid-19","www.health.gov.au",
"site:*.gov.* coronavirus policy",26,"Australian Health Sector Emergency Response Plan for Novel ...","https://www.health.gov.au/sites/default/files/documents/2020/02/australian-health-sector-emergency-response-plan-for-novel-coronavirus-covid-19_2.pdf","www.health.gov.au",
"site:*.gov.* coronavirus policy",27,"Coronavirus (COVID-19): how to self-isolate when you travel ...","https://www.gov.uk/government/publications/coronavirus-covid-19-how-to-self-isolate-when-you-travel-to-the-uk/coronavirus-covid-19-how-to-self-isolate-when-you-travel-to-the-uk","www.gov.uk",
"site:*.gov.* coronavirus policy",28,"AGPT Program COVID-19 Support Policy 2020 | Australian ...","https://www.health.gov.au/resources/publications/agpt-program-covid-19-support-policy-2020","www.health.gov.au",
"site:*.gov.* coronavirus policy",29,"Coronavirus (COVID-19): scientific evidence supporting the ...","https://www.gov.uk/government/news/coronavirus-covid-19-scientific-evidence-supporting-the-uk-government-response","www.gov.uk",
"site:*.gov.* coronavirus policy",30,"Government.nl: Information from the Government of The ...","http://www.gov.nl/","www.gov.nl",
"site:*.gov.* coronavirus policy",31,"Rules that have been relaxed to help businesses during the ...","https://www.gov.uk/guidance/rules-that-have-been-relaxed-to-help-businesses-during-the-coronavirus-pandemic","www.gov.uk",
"site:*.gov.* coronavirus policy",32,"Procurement Policy Note 01/20: Responding to COVID-19 ...","https://www.gov.uk/government/publications/procurement-policy-note-0120-responding-to-covid-19","www.gov.uk",
"site:*.gov.* coronavirus policy",33,"Coronavirus (COVID-19): safeguarding in schools, colleges ...","https://www.gov.uk/government/publications/covid-19-safeguarding-in-schools-colleges-and-other-providers/coronavirus-covid-19-safeguarding-in-schools-colleges-and-other-providers","www.gov.uk",
"site:*.gov.* coronavirus policy",34,"Limits on public gatherings for coronavirus (COVID-19 ...","https://www.health.gov.au/news/health-alerts/novel-coronavirus-2019-ncov-health-alert/how-to-protect-yourself-and-others-from-coronavirus-covid-19/limits-on-public-gatherings-for-coronavirus-covid-19","www.health.gov.au",
"site:*.gov.* coronavirus policy",35,"Coronavirus (COVID-19) advice for people in aged care facilities","https://www.health.gov.au/news/health-alerts/novel-coronavirus-2019-ncov-health-alert/advice-for-people-at-risk-of-coronavirus-covid-19/coronavirus-covid-19-advice-for-people-in-aged-care-facilities","www.health.gov.au",
"site:*.gov.* coronavirus policy",36,"Isolation for coronavirus (COVID-19) | Australian Government ...","https://www.health.gov.au/news/health-alerts/novel-coronavirus-2019-ncov-health-alert/how-to-protect-yourself-and-others-from-coronavirus-covid-19/isolation-for-coronavirus-covid-19","www.health.gov.au",
"site:*.gov.* coronavirus policy",37,"COVID-19 What you can and can't do under the rules","https://www.nsw.gov.au/covid-19/what-you-can-and-cant-do-under-rules","www.nsw.gov.au",
"site:*.gov.* coronavirus policy",38,"Coronavirus (COVID-19) – Guidance for people tested for ...","https://www.health.gov.au/resources/publications/coronavirus-covid-19-guidance-for-people-tested-for-covid-19","www.health.gov.au",
"site:*.gov.* coronavirus policy",39,"Extension of the Coronavirus Job Retention Scheme - GOV.UK","https://www.gov.uk/government/publications/extension-to-the-coronavirus-job-retention-scheme/extension-of-the-coronavirus-job-retention-scheme","www.gov.uk",
"site:*.gov.* coronavirus policy",40,"Coronavirus (COVID-19) advice for the health and disability ...","https://www.health.gov.au/news/health-alerts/novel-coronavirus-2019-ncov-health-alert/coronavirus-covid-19-advice-for-the-health-and-disability-sector","www.health.gov.au",
"site:*.gov.* coronavirus policy",41,"Global Health Policy | KFF - Kaiser Family Foundation","https://eresources.sl.nsw.gov.au/node/410/view-online","eresources.sl.nsw.gov.au",
"site:*.gov.* coronavirus policy",42,"Coronavirus (COVID-19) news and media | Australian ...","https://www.health.gov.au/news/health-alerts/novel-coronavirus-2019-ncov-health-alert/coronavirus-covid-19-news-and-media","www.health.gov.au",
"site:*.gov.* coronavirus policy",43,"Coronavirus (COVID-19): Advice for PCBUs | Safe Work ...","https://www.safeworkaustralia.gov.au/doc/coronavirus-covid-19-advice-pcbus","www.safeworkaustralia.gov.au",
"site:*.gov.* coronavirus policy",44,"Translated coronavirus (COVID-19) resources | Australian ...","https://www.health.gov.au/news/health-alerts/novel-coronavirus-2019-ncov-health-alert/translated-coronavirus-covid-19-resources","www.health.gov.au",
"site:*.gov.* coronavirus policy",45,"Coronavirus (COVID-19) advice for older people | Australian ...","https://www.health.gov.au/news/health-alerts/novel-coronavirus-2019-ncov-health-alert/advice-for-people-at-risk-of-coronavirus-covid-19/coronavirus-covid-19-advice-for-older-people","www.health.gov.au",
"site:*.gov.* coronavirus policy",46,"Coronavirus action plan: a guide to what you can expect ...","https://www.gov.uk/government/publications/coronavirus-action-plan/coronavirus-action-plan-a-guide-to-what-you-can-expect-across-the-uk","www.gov.uk",
"site:*.gov.* coronavirus policy",47,"Coronavirus (COVID-19): supplier relief SPPN 5/2020 - gov.scot","https://www.gov.scot/publications/coronavirus-covid-19-supplier-relief/","www.gov.scot",
"site:*.gov.* coronavirus policy",48,"COVIDSafe app | Australian Government Department of Health","https://www.health.gov.au/resources/apps-and-tools/covidsafe-app","www.health.gov.au",
"site:*.gov.* coronavirus policy",49,"COVID-19 Information & Resources - Brigham and Women's ...","http://https.www.brighamandwomens.org.443z614f.www.weinan.gov.cn.ipv6.weinan.gov.cn/covid-19","https.www.brighamandwomens.org.443z614f.www.weinan.gov.cn.ipv6.weinan.gov.cn",
"site:*.gov.* coronavirus policy",50,"Hygiene and cleaning for the health workforce during COVID-19","https://www.health.gov.au/news/health-alerts/novel-coronavirus-2019-ncov-health-alert/coronavirus-covid-19-advice-for-the-health-and-aged-care-sector/hygiene-and-cleaning-for-the-health-workforce-during-covid-19","www.health.gov.au",
"site:*.gov.* coronavirus policy",51,"Coronavirus (COVID-19): guidance on drivers' hours ... - Gov.uk","https://www.gov.uk/government/publications/covid-19-guidance-on-drivers-hours-relaxations/coronavirus-covid-19-guidance-on-drivers-hours-relaxations","www.gov.uk",
"site:*.gov.* coronavirus policy",52,"COVID-19 policies and plans | Queensland Health","https://www.health.qld.gov.au/system-governance/strategic-direction/improving-service/covid-19-policies-and-plans","www.health.qld.gov.au",
"site:*.gov.* coronavirus policy",53,"Government advice on home moving during the coronavirus ...","https://www.gov.uk/guidance/government-advice-on-home-moving-during-the-coronavirus-covid-19-outbreak","www.gov.uk",
"site:*.gov.* coronavirus policy",54,"Coronavirus - Canada travel advice - GOV.UK","https://www.gov.uk/foreign-travel-advice/canada/coronavirus","www.gov.uk",
"site:*.gov.* coronavirus policy",55,"Coronavirus (COVID-19): travel corridors - GOV.UK","https://www.gov.uk/guidance/coronavirus-covid-19-travel-corridors","www.gov.uk",
"site:*.gov.* coronavirus policy",56,"Procurement Policy Note 02/20: supplier relief due to ... - Gov.uk","https://www.gov.uk/government/publications/procurement-policy-note-0220-supplier-relief-due-to-covid-19","www.gov.uk",
"site:*.gov.* coronavirus policy",57,"Canada travel advice - GOV.UK","https://www.gov.uk/foreign-travel-advice/canada","www.gov.uk",
"site:*.gov.* coronavirus policy",58,"Coronavirus (COVID-19) health alert | Australian Government ...","https://www.health.gov.au/news/health-alerts/novel-coronavirus-2019-ncov-health-alert","www.health.gov.au",
"site:*.gov.* coronavirus policy",59,"Business ... - Department of Health and Human Services Victoria","https://www.dhhs.vic.gov.au/business-sector-coronavirus-disease-covid-19","www.dhhs.vic.gov.au",
"site:*.gov.* coronavirus policy",60,"Covid-19 Privacy Policy - Renfrewshire Website","http://renfrewshire.gov.uk/coronavirus-privacy-policy","renfrewshire.gov.uk",
"site:*.gov.* coronavirus policy",61,"New National Restrictions from 5 November - GOV.UK","https://www.gov.uk/guidance/new-national-restrictions-from-5-november","www.gov.uk",
"site:*.gov.* coronavirus policy",62,"Coronavirus Guidance for Employees & Supervisors | Human ...","http://https.hr.ucdavis.edu.443z9e54.www.weinan.gov.cn.ipv6.weinan.gov.cn/coronavirus","https.hr.ucdavis.edu.443z9e54.www.weinan.gov.cn.ipv6.weinan.gov.cn",
"site:*.gov.* coronavirus policy",63,"OECD.org - OECD","https://tgap.saglik.gov.tr/TR,53441/oecd.html","tgap.saglik.gov.tr",
"site:*.gov.* coronavirus policy",64,"Visit someone in prison during the coronavirus (COVID-19 ...","https://www.gov.uk/guidance/visit-someone-in-prison-during-the-coronavirus-covid-19-pandemic","www.gov.uk",
"site:*.gov.* coronavirus policy",65,"Foreign travel advice - GOV.UK","https://www.gov.uk/foreign-travel-advice","www.gov.uk",
"site:*.gov.* coronavirus policy",66,"Press Announcements | FDA","http://https.www.fda.gov.443z4279.www.dalisn.gov.cn.ipv6.dalisn.gov.cn/news-events/newsroom/press-announcements","https.www.fda.gov.443z4279.www.dalisn.gov.cn.ipv6.dalisn.gov.cn",
"site:*.gov.* coronavirus policy",67,"Translated resources - coronavirus (COVID-19) - Department ...","https://www.dhhs.vic.gov.au/translated-resources-coronavirus-disease-covid-19","www.dhhs.vic.gov.au",
"site:*.gov.* coronavirus policy",68,"COVID-19 (Coronavirus) - NSW Government","https://www.health.nsw.gov.au/Infectious/covid-19/Pages/default.aspx","www.health.nsw.gov.au",
"site:*.gov.* coronavirus policy",69,"Government.se - Government.se","https://www.gov.se/en?page=3","www.gov.se",
"site:*.gov.* coronavirus policy",70,"Coronavirus (COVID-19) - NHS","https://www.leicester.gov.uk/shortcut-pages/external/nhs/","www.leicester.gov.uk",
"site:*.gov.* coronavirus policy",71,"Coronavirus (COVID-19): guidance - gov.scot","https://www.gov.scot/collections/coronavirus-covid-19-guidance/","www.gov.scot",
"site:*.gov.* coronavirus policy",72,"Coronavirus (COVID-19): adult social care action plan - GOV.UK","https://www.gov.uk/government/publications/coronavirus-covid-19-adult-social-care-action-plan","www.gov.uk",
"site:*.gov.* coronavirus policy",73,"Coronavirus (COVID-19): scaling up testing programmes ...","https://www.gov.uk/government/publications/coronavirus-covid-19-scaling-up-testing-programmes","www.gov.uk",
"site:*.gov.* coronavirus policy",74,"Coronavirus (COVID-19): jobs that qualify for travel ... - Gov.uk","https://www.gov.uk/government/publications/coronavirus-covid-19-travellers-exempt-from-uk-border-rules/coronavirus-covid-19-travellers-exempt-from-uk-border-rules","www.gov.uk",
"site:*.gov.* coronavirus policy",75,"Coronavirus (COVID-19) advice for retirement villages ...","https://www.health.gov.au/resources/publications/coronavirus-covid-19-advice-for-retirement-villages","www.health.gov.au",
"site:*.gov.* coronavirus policy",76,"Coronavirus (COVID-19): public use of face coverings - gov.scot","https://www.gov.scot/publications/coronavirus-covid-19-public-use-of-face-coverings/","www.gov.scot",
"site:*.gov.* coronavirus policy",77,"Coronavirus (COVID-19) advice for international travellers ...","https://www.health.gov.au/news/health-alerts/novel-coronavirus-2019-ncov-health-alert/coronavirus-covid-19-restrictions/coronavirus-covid-19-advice-for-international-travellers","www.health.gov.au",
"site:*.gov.* coronavirus policy",78,"Coronavirus (COVID-19): What has changed – 22 September ...","https://www.gov.uk/government/news/coronavirus-covid-19-what-has-changed-22-september","www.gov.uk",
"site:*.gov.* coronavirus policy",79,"Coronavirus (COVID-19): adult social care guidance - GOV.UK","https://www.gov.uk/government/collections/coronavirus-covid-19-social-care-guidance","www.gov.uk",
"site:*.gov.* coronavirus policy",80,"Face masks - Department of Health and Human Services ...","https://www.dhhs.vic.gov.au/facemasks-covid-19","www.dhhs.vic.gov.au",
"site:*.gov.* coronavirus policy",81,"Coronavirus (COVID-19): jobs that qualify for travel ... - Gov.uk","https://www.gov.uk/government/publications/coronavirus-covid-19-travellers-exempt-from-uk-border-rules","www.gov.uk",
"site:*.gov.* coronavirus policy",82,"Coronavirus (COVID-19): Social Distancing - GOV.UK","https://www.gov.uk/government/publications/coronavirus-covid-19-meeting-with-others-safely-social-distancing/coronavirus-covid-19-meeting-with-others-safely-social-distancing","www.gov.uk",
"site:*.gov.* coronavirus policy",83,"What to ... - Department of Health and Human Services Victoria","https://www.dhhs.vic.gov.au/what-to-do-if-you-have-coronavirus-covid-19","www.dhhs.vic.gov.au",
"site:*.gov.* coronavirus policy",84,"Coronavirus (COVID-19) information for families and residents ...","https://www.health.gov.au/resources/publications/coronavirus-covid-19-information-for-families-and-residents-on-restricted-visits-to-residential-aged-care-facilities","www.health.gov.au",
"site:*.gov.* coronavirus policy",85,"Travel insurance | WestJet official site","http://www.westjet.ex1.https.443.ipv6.shbsq.gov.cn/en-ky/lowfaresandmore/extras/travel-insurance","www.westjet.ex1.https.443.ipv6.shbsq.gov.cn",
"site:*.gov.* coronavirus policy",86,"Coronavirus - China travel advice - GOV.UK","https://www.gov.uk/foreign-travel-advice/china/coronavirus","www.gov.uk",
"site:*.gov.* coronavirus policy",87,"Face masks: whole of Victoria - Department of Health and ...","https://www.dhhs.vic.gov.au/face-masks-vic-covid-19","www.dhhs.vic.gov.au",
"site:*.gov.* coronavirus policy",88,"Procurement Policy Note 04/20: Recovery and Transition from ...","https://www.gov.uk/government/publications/procurement-policy-note-0420-recovery-and-transition-from-covid-19","www.gov.uk",
"site:*.gov.* coronavirus policy",89,"COVID-19: infection prevention and control (IPC) - GOV.UK","https://www.gov.uk/government/publications/wuhan-novel-coronavirus-infection-prevention-and-control","www.gov.uk",
"site:*.gov.* coronavirus policy",90,"What you need to know about coronavirus (COVID-19 ...","https://www.health.gov.au/news/health-alerts/novel-coronavirus-2019-ncov-health-alert/what-you-need-to-know-about-coronavirus-covid-19","www.health.gov.au",
"site:*.gov.* coronavirus policy",91,"The Criminal Procedure (Amendment No. 2) (Coronavirus ...","https://www.legislation.gov.uk/uksi/2020/417/contents/made","www.legislation.gov.uk",
"site:*.gov.* coronavirus policy",92,"The Civil Procedure (Amendment No. 5) (Coronavirus) Rules ...","https://www.legislation.gov.uk/uksi/2020/889/contents/made","www.legislation.gov.uk",
"site:*.gov.* coronavirus policy",93,"COVID-19: Guidance for the safe use of multi-purpose ...","https://www.gov.uk/government/publications/covid-19-guidance-for-the-safe-use-of-multi-purpose-community-facilities","www.gov.uk",
"site:*.gov.* coronavirus policy",94,"The Civil Procedure (Amendment No. 4) (Coronavirus) Rules ...","https://www.legislation.gov.uk/uksi/2020/751/contents/made","www.legislation.gov.uk",
"site:*.gov.* coronavirus policy",95,"IATA - Home","https://www.caa.gov.tw/Article.aspx?a=1685&lang=1","www.caa.gov.tw",
"site:*.gov.* coronavirus policy",96,"The Civil Procedure (Amendment No. 2) (Coronavirus) Rules ...","https://www.legislation.gov.uk/uksi/2020/582/made","www.legislation.gov.uk",
"site:*.gov.* coronavirus policy",97,"[Withdrawn] Coronavirus (COVID-19): guidance for ... - Gov.uk","https://www.gov.uk/government/publications/guidance-to-educational-settings-about-covid-19/guidance-to-educational-settings-about-covid-19","www.gov.uk",
"site:*.gov.* coronavirus policy",98,"Procurement Policy Note 03/20: Use of procurement cards ...","https://www.gov.uk/government/publications/procurement-policy-note-0320-use-of-procurement-cards-coronavirus","www.gov.uk",
"site:*.gov.* coronavirus policy",99,"Guidance for the public on the phased return of outdoor sport ...","https://www.gov.uk/government/publications/coronavirus-covid-19-guidance-on-phased-return-of-sport-and-recreation/guidance-for-the-public-on-the-phased-return-of-outdoor-sport-and-recreation","www.gov.uk",
"site:*.gov.* coronavirus policy",100,"How to ... - Department of Health and Human Services Victoria","https://www.dhhs.vic.gov.au/how-stay-safe-and-well-covid-19","www.dhhs.vic.gov.au",
"site:*.gov.* coronavirus policy",1,"Visiting arrangements in care homes for the period of national ...","https://www.gov.uk/government/publications/visiting-care-homes-during-coronavirus/update-on-policies-for-visiting-arrangements-in-care-homes","www.gov.uk",
"site:*.gov.* coronavirus policy",2,"Working safely during coronavirus (COVID-19) - Guidance ...","https://www.gov.uk/guidance/working-safely-during-coronavirus-covid-19","www.gov.uk",
"site:*.gov.* coronavirus policy",3,"Coronavirus (COVID-19) action plan - GOV.UK","https://www.gov.uk/government/publications/coronavirus-action-plan","www.gov.uk",
"site:*.gov.* coronavirus policy",4,"Coronavirus (COVID-19): Tier 4 sponsors, migrants and short ...","https://www.gov.uk/government/publications/coronavirus-covid-19-tier-4-sponsors-migrants-and-short-term-students","www.gov.uk",
"site:*.gov.* coronavirus policy",5,"Coronavirus (COVID-19): guidance and support - GOV.UK","https://www.gov.uk/coronavirus","www.gov.uk",
"site:*.gov.* coronavirus policy",6,"Stay at home: guidance for households with possible or ...","https://www.gov.uk/government/publications/covid-19-stay-at-home-guidance/stay-at-home-guidance-for-households-with-possible-coronavirus-covid-19-infection","www.gov.uk",
"site:*.gov.* coronavirus policy",7,"Government.se - Government.se","https://www.gov.se/en?page=3","www.gov.se",
"site:*.gov.* coronavirus policy",8,"Australian COVID-19 Vaccination Policy | Australian ...","https://www.health.gov.au/resources/publications/australian-covid-19-vaccination-policy","www.health.gov.au",
"site:*.gov.* coronavirus policy",9,"Coronavirus (COVID-19): how to self-isolate when you travel ...","https://www.gov.uk/government/publications/coronavirus-covid-19-how-to-self-isolate-when-you-travel-to-the-uk/coronavirus-covid-19-how-to-self-isolate-when-you-travel-to-the-uk","www.gov.uk",
"site:*.gov.* coronavirus policy",10,"Coronavirus (COVID-19): immigration and borders - GOV.UK","https://www.gov.uk/government/collections/coronavirus-covid-19-immigration-and-borders","www.gov.uk",
"site:*.gov.* coronavirus policy",11,"Statement on coronavirus (COVID-19), consumer contracts ...","https://www.gov.uk/government/publications/cma-to-investigate-concerns-about-cancellation-policies-during-the-coronavirus-covid-19-pandemic/the-coronavirus-covid-19-pandemic-consumer-contracts-cancellation-and-refunds","www.gov.uk",
"site:*.gov.* coronavirus policy",12,"Coronavirus action plan: a guide to what you can expect ...","https://www.gov.uk/government/publications/coronavirus-action-plan/coronavirus-action-plan-a-guide-to-what-you-can-expect-across-the-uk","www.gov.uk",
"site:*.gov.* coronavirus policy",13,"Coronavirus (COVID-19) restrictions | Australian Government ...","https://www.health.gov.au/news/health-alerts/novel-coronavirus-2019-ncov-health-alert/coronavirus-covid-19-restrictions","www.health.gov.au",
"site:*.gov.* coronavirus policy",14,"Rules that have been relaxed to help businesses during the ...","https://www.gov.uk/guidance/rules-that-have-been-relaxed-to-help-businesses-during-the-coronavirus-pandemic","www.gov.uk",
"site:*.gov.* coronavirus policy",15,"Coronavirus (COVID-19): guidance on isolation for residential ...","https://www.gov.uk/government/publications/coronavirus-covid-19-guidance-on-isolation-for-residential-educational-settings/coronavirus-covid-19-guidance-on-isolation-for-residential-educational-settings","www.gov.uk",
"site:*.gov.* coronavirus policy",16,"COVID-19 Vaccination Policy endorsement | Australian ...","https://www.health.gov.au/news/covid-19-vaccination-policy-endorsement","www.health.gov.au",
"site:*.gov.* coronavirus policy",17,"Coronavirus (COVID-19) information for employers ...","https://www.health.gov.au/resources/publications/coronavirus-covid-19-information-for-employers","www.health.gov.au",
"site:*.gov.* coronavirus policy",18,"Physical distancing for coronavirus (COVID-19) | Australian ...","https://www.health.gov.au/news/health-alerts/novel-coronavirus-2019-ncov-health-alert/how-to-protect-yourself-and-others-from-coronavirus-covid-19/physical-distancing-for-coronavirus-covid-19","www.health.gov.au",
"site:*.gov.* coronavirus policy",19,"New National Restrictions from 5 November - GOV.UK","https://www.gov.uk/guidance/new-national-restrictions-from-5-november","www.gov.uk",
"site:*.gov.* coronavirus policy",20,"COVID-19 What you can and can't do under the rules","https://www.nsw.gov.au/covid-19/what-you-can-and-cant-do-under-rules","www.nsw.gov.au",
"site:*.gov.* coronavirus policy",21,"Government response to the COVID-19 outbreak | Australian ...","https://www.health.gov.au/news/health-alerts/novel-coronavirus-2019-ncov-health-alert/government-response-to-the-covid-19-outbreak","www.health.gov.au",
"site:*.gov.* coronavirus policy",22,"Coronavirus (COVID-19): jobs that qualify for travel ... - Gov.uk","https://www.gov.uk/government/publications/coronavirus-covid-19-travellers-exempt-from-uk-border-rules/coronavirus-covid-19-travellers-exempt-from-uk-border-rules","www.gov.uk",
"site:*.gov.* coronavirus policy",23,"Procurement Policy Note 01/20: Responding to COVID-19 ...","https://www.gov.uk/government/publications/procurement-policy-note-0120-responding-to-covid-19","www.gov.uk",
"site:*.gov.* coronavirus policy",24,"COVIDSafe app | Australian Government Department of Health","https://www.health.gov.au/resources/apps-and-tools/covidsafe-app","www.health.gov.au",
"site:*.gov.* coronavirus policy",25,"Coronavirus (COVID-19): Social Distancing - GOV.UK","https://www.gov.uk/government/publications/coronavirus-covid-19-meeting-with-others-safely-social-distancing/coronavirus-covid-19-meeting-with-others-safely-social-distancing","www.gov.uk",
"site:*.gov.* coronavirus policy",26,"Coronavirus (COVID-19): jobs that qualify for travel ... - Gov.uk","https://www.gov.uk/government/publications/coronavirus-covid-19-travellers-exempt-from-uk-border-rules","www.gov.uk",
"site:*.gov.* coronavirus policy",27,"Coronavirus (COVID-19): adult social care guidance - GOV.UK","https://www.gov.uk/government/collections/coronavirus-covid-19-social-care-guidance","www.gov.uk",
"site:*.gov.* coronavirus policy",28,"Coronavirus (COVID-19) information for hotels and hotel staff ...","https://www.health.gov.au/resources/publications/coronavirus-covid-19-information-for-hotels-and-hotel-staff","www.health.gov.au",
"site:*.gov.* coronavirus policy",29,"Australia's COVID-19 vaccination policy | Australian ...","https://www.health.gov.au/news/health-alerts/novel-coronavirus-2019-ncov-health-alert/vaccines-and-treatments/australias-covid-19-vaccination-policy","www.health.gov.au",
"site:*.gov.* coronavirus policy",30,"Coronavirus (COVID-19): safeguarding in schools, colleges ...","https://www.gov.uk/government/publications/covid-19-safeguarding-in-schools-colleges-and-other-providers/coronavirus-covid-19-safeguarding-in-schools-colleges-and-other-providers","www.gov.uk",
"site:*.gov.* coronavirus policy",31,"Procurement Policy Note 02/20: supplier relief due to ... - Gov.uk","https://www.gov.uk/government/publications/procurement-policy-note-0220-supplier-relief-due-to-covid-19","www.gov.uk",
"site:*.gov.* coronavirus policy",32,"Coronavirus (COVID-19): scaling up testing programmes ...","https://www.gov.uk/government/publications/coronavirus-covid-19-scaling-up-testing-programmes","www.gov.uk",
"site:*.gov.* coronavirus policy",33,"Limits on public gatherings for coronavirus (COVID-19 ...","https://www.health.gov.au/news/health-alerts/novel-coronavirus-2019-ncov-health-alert/how-to-protect-yourself-and-others-from-coronavirus-covid-19/limits-on-public-gatherings-for-coronavirus-covid-19","www.health.gov.au",
"site:*.gov.* coronavirus policy",34,"Siyaasada asturnaanta ee barnaamijka telifoonka ee ...","https://www.health.gov.au/resources/publications/siyaasada-asturnaanta-ee-barnaamijka-telifoonka-ee-covidsafe-privacy-policy-for-covidsafe-app-somali","www.health.gov.au",
"site:*.gov.* coronavirus policy",35,"Coronavirus - Department of Health and Human Services ...","https://www.dhhs.vic.gov.au/coronavirus","www.dhhs.vic.gov.au",
"site:*.gov.* coronavirus policy",36,"Extension of the Coronavirus Job Retention Scheme - GOV.UK","https://www.gov.uk/government/publications/extension-to-the-coronavirus-job-retention-scheme/extension-of-the-coronavirus-job-retention-scheme","www.gov.uk",
"site:*.gov.* coronavirus policy",37,"[Withdrawn] Coronavirus (COVID-19): personal protective ...","https://www.gov.uk/government/publications/coronavirus-covid-19-personal-protective-equipment-ppe-plan","www.gov.uk",
"site:*.gov.* coronavirus policy",38,"Translated coronavirus (COVID-19) resources | Australian ...","https://www.health.gov.au/news/health-alerts/novel-coronavirus-2019-ncov-health-alert/translated-coronavirus-covid-19-resources","www.health.gov.au",
"site:*.gov.* coronavirus policy",39,"How should competition policy react to coronavirus? - GOV.UK","https://www.gov.uk/government/news/how-should-competition-policy-react-to-coronavirus","www.gov.uk",
"site:*.gov.* coronavirus policy",40,"Supplier relief due to coronavirus (COVID-19): Procurement ...","https://www.gov.uk/government/publications/coronavirus-covid-19-maintaining-further-education-provision/procurement-policy-notice-ppn-0220-supplier-relief-due-to-covid-19-additional-post-16-educational-sector-guidance","www.gov.uk",
"site:*.gov.* coronavirus policy",41,"Coronavirus (COVID-19): adult social care action plan - GOV.UK","https://www.gov.uk/government/publications/coronavirus-covid-19-adult-social-care-action-plan","www.gov.uk",
"site:*.gov.* coronavirus policy",42,"Procurement Policy Note 04/20: Recovery and Transition from ...","https://www.gov.uk/government/publications/procurement-policy-note-0420-recovery-and-transition-from-covid-19","www.gov.uk",
"site:*.gov.* coronavirus policy",43,"Coronavirus (COVID-19) advice on managing the health risks ...","https://www.health.gov.au/resources/publications/coronavirus-covid-19-advice-on-managing-the-health-risks-from-covid-19-on-international-flights","www.health.gov.au",
"site:*.gov.* coronavirus policy",44,"COVID-19: infection prevention and control (IPC) - GOV.UK","https://www.gov.uk/government/publications/wuhan-novel-coronavirus-infection-prevention-and-control","www.gov.uk",
"site:*.gov.* coronavirus policy",45,"Face coverings: when to wear one, exemptions, and how to ...","https://www.gov.uk/government/publications/face-coverings-when-to-wear-one-and-how-to-make-your-own/face-coverings-when-to-wear-one-and-how-to-make-your-own","www.gov.uk",
"site:*.gov.* coronavirus policy",46,"Guidance on shielding and protecting people who are ...","https://www.gov.uk/government/publications/guidance-on-shielding-and-protecting-extremely-vulnerable-persons-from-covid-19/guidance-on-shielding-and-protecting-extremely-vulnerable-persons-from-covid-19","www.gov.uk",
"site:*.gov.* coronavirus policy",47,"Government advice on home moving during the coronavirus ...","https://www.gov.uk/guidance/government-advice-on-home-moving-during-the-coronavirus-covid-19-outbreak","www.gov.uk",
"site:*.gov.* coronavirus policy",48,"Coronavirus (COVID-19) advice for people in aged care facilities","https://www.health.gov.au/news/health-alerts/novel-coronavirus-2019-ncov-health-alert/advice-for-people-at-risk-of-coronavirus-covid-19/coronavirus-covid-19-advice-for-people-in-aged-care-facilities","www.health.gov.au",
"site:*.gov.* coronavirus policy",49,"Covid-19: Update on tax policy documents - GOV.UK","https://www.gov.uk/government/news/covid-19-update-on-tax-policy-documents","www.gov.uk",
"site:*.gov.* coronavirus policy",50,"Education sector - coronavirus (COVID-19) - Department of ...","https://www.dhhs.vic.gov.au/information-education-sector-coronavirus-disease-covid-19","www.dhhs.vic.gov.au",
"site:*.gov.* coronavirus policy",51,"Rules on carrying over annual leave to be relaxed to support ...","https://www.gov.uk/government/news/rules-on-carrying-over-annual-leave-to-be-relaxed-to-support-key-industries-during-covid-19","www.gov.uk",
"site:*.gov.* coronavirus policy",52,"AGPT Program COVID-19 Support Policy 2020 | Australian ...","https://www.health.gov.au/resources/publications/agpt-program-covid-19-support-policy-2020","www.health.gov.au",
"site:*.gov.* coronavirus policy",53,"Government.nl: Information from the Government of The ...","http://www.gov.nl/","www.gov.nl",
"site:*.gov.* coronavirus policy",54,"The Postponed Elections and Referendums (Coronavirus ...","https://www.legislation.gov.uk/uksi/2020/926/contents/made","www.legislation.gov.uk",
"site:*.gov.* coronavirus policy",55,"Investment Policy Responses to the COVID-19 ... - UNCTAD","https://www.enterprisegreece.gov.gr/assets/content/files/c38/a4204/f495/diaepcbinf2020d3_en.pdf","www.enterprisegreece.gov.gr",
"site:*.gov.* coronavirus policy",56,"Business ... - Department of Health and Human Services Victoria","https://www.dhhs.vic.gov.au/business-sector-coronavirus-disease-covid-19","www.dhhs.vic.gov.au",
"site:*.gov.* coronavirus policy",57,"Coronavirus rules for Pendle | COVID-19 Support for individuals","https://www.pendle.gov.uk/info/20030/community_advice_and_guidance/529/covid-19_support_for_individuals","www.pendle.gov.uk",
"site:*.gov.* coronavirus policy",58,"Sweden travel advice - GOV.UK","https://www.gov.uk/foreign-travel-advice/sweden","www.gov.uk",
"site:*.gov.* coronavirus policy",59,"COVID-19 Information for workplaces | Safe Work Australia","https://www.safeworkaustralia.gov.au/covid-19-information-workplaces","www.safeworkaustralia.gov.au",
"site:*.gov.* coronavirus policy",60,"Covid-19 Privacy Policy - Renfrewshire Website","http://renfrewshire.gov.uk/coronavirus-privacy-policy","renfrewshire.gov.uk",
"site:*.gov.* coronavirus policy",61,"Coronavirus (COVID-19): travel corridors - GOV.UK","https://www.gov.uk/guidance/coronavirus-covid-19-travel-corridors","www.gov.uk",
"site:*.gov.* coronavirus policy",62,"The Criminal Procedure (Amendment No. 2) (Coronavirus ...","https://www.legislation.gov.uk/uksi/2020/417/contents/made","www.legislation.gov.uk",
"site:*.gov.* coronavirus policy",63,"The Civil Procedure (Amendment No. 5) (Coronavirus) Rules ...","https://www.legislation.gov.uk/uksi/2020/889/contents/made","www.legislation.gov.uk",
"site:*.gov.* coronavirus policy",64,"COVID-19 (coronavirus) | NSW Government","https://www.nsw.gov.au/covid-19","www.nsw.gov.au",
"site:*.gov.* coronavirus policy",65,"The Civil Procedure (Amendment No. 4) (Coronavirus) Rules ...","https://www.legislation.gov.uk/uksi/2020/751/contents/made","www.legislation.gov.uk",
"site:*.gov.* coronavirus policy",66,"The Civil Procedure (Amendment No. 2) (Coronavirus) Rules ...","https://www.legislation.gov.uk/uksi/2020/582/made","www.legislation.gov.uk",
"site:*.gov.* coronavirus policy",67,"Face masks - Department of Health and Human Services ...","https://www.dhhs.vic.gov.au/facemasks-covid-19","www.dhhs.vic.gov.au",
"site:*.gov.* coronavirus policy",68,"COVID-19 Information & Resources - Brigham and Women's ...","http://https.www.brighamandwomens.org.443z614f.www.weinan.gov.cn.ipv6.weinan.gov.cn/covid-19","https.www.brighamandwomens.org.443z614f.www.weinan.gov.cn.ipv6.weinan.gov.cn",
"site:*.gov.* coronavirus policy",69,"Coronavirus (COVID-19) advice for the health and disability ...","https://www.health.gov.au/news/health-alerts/novel-coronavirus-2019-ncov-health-alert/coronavirus-covid-19-advice-for-the-health-and-disability-sector","www.health.gov.au",
"site:*.gov.* coronavirus policy",70,"Procurement Policy Note 03/20: Use of procurement cards ...","https://www.gov.uk/government/publications/procurement-policy-note-0320-use-of-procurement-cards-coronavirus","www.gov.uk",
"site:*.gov.* coronavirus policy",71,"Visiting care homes during coronavirus - GOV.UK","https://www.gov.uk/government/publications/visiting-care-homes-during-coronavirus","www.gov.uk",
"site:*.gov.* coronavirus policy",72,"Coronavirus Job Retention Scheme - GOV.UK","https://www.gov.uk/government/collections/coronavirus-job-retention-scheme","www.gov.uk",
"site:*.gov.* coronavirus policy",73,"Coronavirus (COVID-19) news and media | Australian ...","https://www.health.gov.au/news/health-alerts/novel-coronavirus-2019-ncov-health-alert/coronavirus-covid-19-news-and-media","www.health.gov.au",
"site:*.gov.* coronavirus policy",74,"Coronavirus (COVID-19): guidance on drivers' hours ... - Gov.uk","https://www.gov.uk/government/publications/covid-19-guidance-on-drivers-hours-relaxations/coronavirus-covid-19-guidance-on-drivers-hours-relaxations","www.gov.uk",
"site:*.gov.* coronavirus policy",75,"Coronavirus (COVID-19) – Guidance for people tested for ...","https://www.health.gov.au/resources/publications/coronavirus-covid-19-guidance-for-people-tested-for-covid-19","www.health.gov.au",
"site:*.gov.* coronavirus policy",76,"Coronavirus (COVID-19): scaling up our testing programmes ...","https://www.gov.uk/government/publications/coronavirus-covid-19-scaling-up-testing-programmes/coronavirus-covid-19-scaling-up-our-testing-programmes","www.gov.uk",
"site:*.gov.* coronavirus policy",77,"[Withdrawn] Check if you can claim the Job Support Scheme ...","https://www.gov.uk/guidance/check-if-you-can-claim-the-job-support-scheme","www.gov.uk",
"site:*.gov.* coronavirus policy",78,"[Withdrawn] Coronavirus (COVID-19): guidance for ... - Gov.uk","https://www.gov.uk/government/publications/guidance-to-educational-settings-about-covid-19/guidance-to-educational-settings-about-covid-19","www.gov.uk",
"site:*.gov.* coronavirus policy",79,"Contract cancellations and refunds due to coronavirus (COVID ...","https://www.gov.uk/government/publications/cma-to-investigate-concerns-about-cancellation-policies-during-the-coronavirus-covid-19-pandemic","www.gov.uk",
"site:*.gov.* coronavirus policy",80,"Good hygiene for coronavirus (COVID-19) | Australian ...","https://www.health.gov.au/news/health-alerts/novel-coronavirus-2019-ncov-health-alert/how-to-protect-yourself-and-others-from-coronavirus-covid-19/good-hygiene-for-coronavirus-covid-19","www.health.gov.au",
"site:*.gov.* coronavirus policy",81,"Department for Digital, Culture, Media & Sport - GOV.UK","https://www.gov.uk/government/organisations/department-for-digital-culture-media-sport","www.gov.uk",
"site:*.gov.* coronavirus policy",82,"NHS Test and Trace: how it works - GOV.UK","https://www.gov.uk/guidance/nhs-test-and-trace-how-it-works","www.gov.uk",
"site:*.gov.* coronavirus policy",83,"COVID-19: CMA to investigate cancellation policy concerns ...","https://www.gov.uk/government/news/covid-19-cma-to-investigate-cancellation-policy-concerns","www.gov.uk",
"site:*.gov.* coronavirus policy",84,"Travel advice: coronavirus (COVID-19) - GOV.UK","https://www.gov.uk/guidance/travel-advice-novel-coronavirus","www.gov.uk",
"site:*.gov.* coronavirus policy",85,"Self-Employment Income Support Scheme grant extension ...","https://www.gov.uk/government/publications/self-employment-income-support-scheme-grant-extension","www.gov.uk",
"site:*.gov.* coronavirus policy",86,"Visit someone in prison during the coronavirus (COVID-19 ...","https://www.gov.uk/guidance/visit-someone-in-prison-during-the-coronavirus-covid-19-pandemic","www.gov.uk",
"site:*.gov.* coronavirus policy",87,"Admission and care of residents in a care home during COVID ...","https://www.gov.uk/government/publications/coronavirus-covid-19-admission-and-care-of-people-in-care-homes/coronavirus-covid-19-admission-and-care-of-people-in-care-homes","www.gov.uk",
"site:*.gov.* coronavirus policy",88,"Department for Business, Energy & Industrial Strategy - GOV.UK","https://www.gov.uk/government/organisations/department-for-business-energy-and-industrial-strategy","www.gov.uk",
"site:*.gov.* coronavirus policy",89,"Changes to the Coronavirus Job Retention Scheme - GOV.UK","https://www.gov.uk/government/publications/changes-to-the-coronavirus-job-retention-scheme/changes-to-the-coronavirus-job-retention-scheme","www.gov.uk",
"site:*.gov.* coronavirus policy",90,"[Withdrawn] Staying at home and away from others (social ...","https://www.gov.uk/government/publications/full-guidance-on-staying-at-home-and-away-from-others","www.gov.uk",
"site:*.gov.* coronavirus policy",91,"Isolation for coronavirus (COVID-19) | Australian Government ...","https://www.health.gov.au/news/health-alerts/novel-coronavirus-2019-ncov-health-alert/how-to-protect-yourself-and-others-from-coronavirus-covid-19/isolation-for-coronavirus-covid-19","www.health.gov.au",
"site:*.gov.* coronavirus policy",92,"[Withdrawn] Guidance on social distancing for everyone in the ...","https://www.gov.uk/government/publications/covid-19-guidance-on-social-distancing-and-for-vulnerable-people/guidance-on-social-distancing-for-everyone-in-the-uk-and-protecting-older-people-and-vulnerable-adults","www.gov.uk",
"site:*.gov.* coronavirus policy",93,"Coronavirus (COVID-19) health alert | Australian Government ...","https://www.health.gov.au/news/health-alerts/novel-coronavirus-2019-ncov-health-alert","www.health.gov.au",
"site:*.gov.* coronavirus policy",94,"Coronavirus (COVID-19) advice for international travellers ...","https://www.health.gov.au/news/health-alerts/novel-coronavirus-2019-ncov-health-alert/coronavirus-covid-19-restrictions/coronavirus-covid-19-advice-for-international-travellers","www.health.gov.au",
"site:*.gov.* coronavirus policy",95,"Safeguarding and remote education during coronavirus ...","https://www.gov.uk/guidance/safeguarding-and-remote-education-during-coronavirus-covid-19","www.gov.uk",
"site:*.gov.* coronavirus policy",96,"The Secure Training Centre (Coronavirus) (Amendment ...","https://www.legislation.gov.uk/uksi/2020/664/contents/made","www.legislation.gov.uk",
"site:*.gov.* coronavirus policy",97,"Coronavirus bill: summary of impacts - GOV.UK","https://www.gov.uk/government/publications/coronavirus-bill-summary-of-impacts/coronavirus-bill-summary-of-impacts","www.gov.uk",
"site:*.gov.* coronavirus policy",98,"Face masks and coverings - Department of Health and Human ...","https://www.dhhs.vic.gov.au/face-masks-and-coverings-covid-19","www.dhhs.vic.gov.au",
"site:*.gov.* coronavirus policy",99,"For ... - Department of Health and Human Services Victoria","https://www.dhhs.vic.gov.au/health-services-and-professionals-coronavirus-covid-19","www.dhhs.vic.gov.au",
"site:*.gov.* coronavirus policy",100,"Job Retention Bonus - GOV.UK","https://www.gov.uk/government/publications/job-retention-bonus/job-retention-bonus","www.gov.uk",
"site:*.gov.* coronavirus law",1,"Coronavirus Legislation - Legislation.gov.uk","https://www.legislation.gov.uk/coronavirus","www.legislation.gov.uk",
"site:*.gov.* coronavirus law",2,"Coronavirus Act 2020: status - GOV.UK","https://www.gov.uk/government/publications/coronavirus-act-2020-status","www.gov.uk",
"site:*.gov.* coronavirus law",3,"Coronavirus regulations: frequently asked questions | GOV ...","https://www.caerphilly.gov.uk/Services/Coronavirus/Coronavirus-regulations-from-9-November-frequently","www.caerphilly.gov.uk",
"site:*.gov.* coronavirus law",4,"Biometrics Commissioner statement on the Coronavirus Act ...","https://www.gov.uk/government/news/biometrics-commissioner-statement-on-the-coronavirus-act-and-the-protection-of-freedoms-act","www.gov.uk",
"site:*.gov.* coronavirus law",5,"Coronavirus Act analysis - GOV.UK","https://www.gov.uk/government/publications/coronavirus-act-analysis/coronavirus-act-analysis","www.gov.uk",
"site:*.gov.* coronavirus law",6,"Coronavirus Act 2020 (Residential Tenancies: Protection from ...","https://www.gov.uk/government/publications/coronavirus-act-2020-residential-tenancies-protection-from-eviction-amendment-england-regulations-2020-letter-to-local-authorities","www.gov.uk",
"site:*.gov.* coronavirus law",7,"Coronavirus Bill: what it will do - GOV.UK","https://www.gov.uk/government/publications/coronavirus-bill-what-it-will-do","www.gov.uk",
"site:*.gov.* coronavirus law",8,"The Health Protection (Coronavirus, Restrictions) (Self ...","https://www.legislation.gov.uk/uksi/2020/1045/made","www.legislation.gov.uk",
"site:*.gov.* coronavirus law",9,"Coronavirus Act 2020 - Legislation.gov.uk","https://www.legislation.gov.uk/ukpga/2020/7/contents/enacted","www.legislation.gov.uk",
"site:*.gov.* coronavirus law",10,"Coronavirus Act 2020 - Legislation.gov.uk","https://www.legislation.gov.uk/id/ukpga/2020/7","www.legislation.gov.uk",
"site:*.gov.* coronavirus law",11,"Statement on coronavirus (COVID-19), consumer contracts ...","https://www.gov.uk/government/publications/cma-to-investigate-concerns-about-cancellation-policies-during-the-coronavirus-covid-19-pandemic/the-coronavirus-covid-19-pandemic-consumer-contracts-cancellation-and-refunds","www.gov.uk",
"site:*.gov.* coronavirus law",12,"Coronavirus Act analysis - GOV.UK","https://www.gov.uk/government/publications/coronavirus-act-analysis","www.gov.uk",
"site:*.gov.* coronavirus law",13,"Coronavirus Act report: September 2020 - GOV.UK","https://www.gov.uk/government/publications/coronavirus-act-report-september-2020","www.gov.uk",
"site:*.gov.* coronavirus law",14,"Education, health and care needs assessments and plans ...","https://www.gov.uk/government/publications/changes-to-the-law-on-education-health-and-care-needs-assessments-and-plans-due-to-coronavirus/education-health-and-care-needs-assessments-and-plans-guidance-on-temporary-legislative-changes-relating-to-coronavirus-covid-19","www.gov.uk",
"site:*.gov.* coronavirus law",15,"Stay at home: guidance for households with possible or ...","https://www.gov.uk/government/publications/covid-19-stay-at-home-guidance/stay-at-home-guidance-for-households-with-possible-coronavirus-covid-19-infection","www.gov.uk",
"site:*.gov.* coronavirus law",16,"Coronavirus (COVID-19): Social Distancing - GOV.UK","https://www.gov.uk/government/publications/coronavirus-covid-19-meeting-with-others-safely-social-distancing/coronavirus-covid-19-meeting-with-others-safely-social-distancing","www.gov.uk",
"site:*.gov.* coronavirus law",17,"Coronavirus Act 2020: status table - GOV.UK","https://www.gov.uk/government/publications/coronavirus-act-2020-status/coronavirus-act-2020-status-table","www.gov.uk",
"site:*.gov.* coronavirus law",18,"Coronavirus Act 2020 - Legislation.gov.uk","https://www.legislation.gov.uk/ukpga/2020/7/introduction/enacted","www.legislation.gov.uk",
"site:*.gov.* coronavirus law",19,"Coronavirus (COVID-19): public use of face coverings - gov.scot","https://www.gov.scot/publications/coronavirus-covid-19-public-use-of-face-coverings/","www.gov.scot",
"site:*.gov.* coronavirus law",20,"Coronavirus (COVID-19): changes to the Care Act 2014 - Gov.uk","https://www.gov.uk/government/publications/coronavirus-covid-19-changes-to-the-care-act-2014","www.gov.uk",
"site:*.gov.* coronavirus law",21,"Rule of six comes into effect to tackle coronavirus - GOV.UK","https://www.gov.uk/government/news/rule-of-six-comes-into-effect-to-tackle-coronavirus","www.gov.uk",
"site:*.gov.* coronavirus law",22,"Shops and branches - Working safely during coronavirus ...","https://www.gov.uk/guidance/working-safely-during-coronavirus-covid-19/shops-and-branches","www.gov.uk",
"site:*.gov.* coronavirus law",23,"COVID-19 and renting: guidance for landlords, tenants and ...","https://www.gov.uk/government/publications/covid-19-and-renting-guidance-for-landlords-tenants-and-local-authorities","www.gov.uk",
"site:*.gov.* coronavirus law",24,"Face coverings: when to wear one, exemptions, and how to ...","https://www.gov.uk/government/publications/face-coverings-when-to-wear-one-and-how-to-make-your-own/face-coverings-when-to-wear-one-and-how-to-make-your-own","www.gov.uk",
"site:*.gov.* coronavirus law",25,"Holiday entitlement and pay during coronavirus (COVID-19 ...","https://www.gov.uk/guidance/holiday-entitlement-and-pay-during-coronavirus-covid-19","www.gov.uk",
"site:*.gov.* coronavirus law",26,"Contract cancellations and refunds due to coronavirus (COVID ...","https://www.gov.uk/government/publications/cma-to-investigate-concerns-about-cancellation-policies-during-the-coronavirus-covid-19-pandemic","www.gov.uk",
"site:*.gov.* coronavirus law",27,"What the Coronavirus Bill will do - GOV.UK","https://www.gov.uk/government/publications/coronavirus-bill-what-it-will-do/what-the-coronavirus-bill-will-do","www.gov.uk",
"site:*.gov.* coronavirus law",28,"Coronavirus Act two-monthly reports - GOV.UK","https://www.gov.uk/government/collections/coronavirus-act-two-monthly-reports","www.gov.uk",
"site:*.gov.* coronavirus law",29,"CPS announces review findings for first 200 cases under ...","https://www.cps.gov.uk/cps/news/cps-announces-review-findings-first-200-cases-under-coronavirus-laws","www.cps.gov.uk",
"site:*.gov.* coronavirus law",30,"Complete ban on evictions and additional protection for ...","https://www.gov.uk/government/news/complete-ban-on-evictions-and-additional-protection-for-renters","www.gov.uk",
"site:*.gov.* coronavirus law",31,"The Coronavirus Act 2020 (Residential Tenancies: Protection ...","https://www.legislation.gov.uk/uksi/2020/914/made","www.legislation.gov.uk",
"site:*.gov.* coronavirus law",32,"Coronavirus Act 2020: equality impact assessment - GOV.UK","https://www.gov.uk/government/publications/coronavirus-act-2020-equality-impact-assessment","www.gov.uk",
"site:*.gov.* coronavirus law",33,"Guidance for landlords and tenants - GOV.UK","https://www.gov.uk/government/publications/covid-19-and-renting-guidance-for-landlords-tenants-and-local-authorities/coronavirus-covid-19-guidance-for-landlords-and-tenants","www.gov.uk",
"site:*.gov.* coronavirus law",34,"Coronavirus (COVID-19): Information for individuals and ...","https://www.gov.uk/guidance/coronavirus-covid-19-information-for-individuals-and-businesses-in-wales","www.gov.uk",
"site:*.gov.* coronavirus law",35,"Regulations 2020 - Legislation.gov.uk","https://www.legislation.gov.uk/uksi/2020/1200/pdfs/uksi_20201200_en.pdf","www.legislation.gov.uk",
"site:*.gov.* coronavirus law",36,"Coronavirus Act 2020 - Legislation.gov.uk","https://www.legislation.gov.uk/ukpga/2020/7/introduction","www.legislation.gov.uk",
"site:*.gov.* coronavirus law",37,"The Coronavirus (Retention of Fingerprints and DNA Profiles ...","https://www.legislation.gov.uk/uksi/2020/973/made?view=plain","www.legislation.gov.uk",
"site:*.gov.* coronavirus law",38,"Care Act easements: guidance for local authorities - GOV.UK","https://www.gov.uk/government/publications/coronavirus-covid-19-changes-to-the-care-act-2014/care-act-easements-guidance-for-local-authorities","www.gov.uk",
"site:*.gov.* coronavirus law",39,"Coronavirus Act 2020: the public sector equalities duty impact ...","https://www.gov.uk/government/publications/coronavirus-act-2020-equality-impact-assessment/coronavirus-act-2020-the-public-sector-equalities-duty-impact-assessment","www.gov.uk",
"site:*.gov.* coronavirus law",40,"COVID-19 coronavirus | Victoria Legal Aid","https://www.legalaid.vic.gov.au/find-legal-answers/covid-19-coronavirus","www.legalaid.vic.gov.au",
"site:*.gov.* coronavirus law",41,"Coronavirus (COVID-19): Legal Aid Agency contingency ...","https://www.gov.uk/guidance/coronavirus-covid-19-legal-aid-agency-contingency-response","www.gov.uk",
"site:*.gov.* coronavirus law",42,"Treasury Direction made under Sections 71 and 76 of the ...","https://www.gov.uk/government/publications/treasury-direction-made-under-sections-71-and-76-of-the-coronavirus-act-2020","www.gov.uk",
"site:*.gov.* coronavirus law",43,"New National Restrictions from 5 November - GOV.UK","https://www.gov.uk/guidance/new-national-restrictions-from-5-november","www.gov.uk",
"site:*.gov.* coronavirus law",44,"ACT Health advice on coronavirus - Our Canberra","https://www.act.gov.au/our-canberra/latest-news/2020/february/act-health-advice-on-coronavirus","www.act.gov.au",
"site:*.gov.* coronavirus law",45,"Two-monthly report on the status on the non-devolved ...","https://www.gov.uk/government/publications/coronavirus-act-report-may-2020/two-monthly-report-on-the-status-of-the-non-devolved-provisions-of-the-coronavirus-act-2020-may-2020","www.gov.uk",
"site:*.gov.* coronavirus law",46,"The Health Protection (Coronavirus, Restrictions) (England ...","https://www.legislation.gov.uk/uksi/2020/350/regulation/6/made","www.legislation.gov.uk",
"site:*.gov.* coronavirus law",47,"Coronavirus Act 2020 | The Crown Prosecution Service","https://www.cps.gov.uk/legal-guidance/coronavirus-act-2020","www.cps.gov.uk",
"site:*.gov.* coronavirus law",48,"The Coronavirus Act 2020 (Commencement No. 2 ...","https://www.legislation.gov.uk/uksi/2020/388/contents/made","www.legislation.gov.uk",
"site:*.gov.* coronavirus law",49,"Treasury Direction made by the Chancellor under Sections 71 ...","https://www.gov.uk/government/publications/treasury-direction-made-by-the-chancellor-under-sections-71-and-76-of-the-coronavirus-act-2020","www.gov.uk",
"site:*.gov.* coronavirus law",50,"The Health Protection (Coronavirus, Restrictions) (No. 2 ...","https://www.legislation.gov.uk/uksi/2020/684","www.legislation.gov.uk",
"site:*.gov.* coronavirus law",51,"The Health Protection (Coronavirus) Regulations 2020","https://www.legislation.gov.uk/uksi/2020/129/contents/made","www.legislation.gov.uk",
"site:*.gov.* coronavirus law",52,"Coronavirus Act 2020 - Legislation.gov.uk","https://www.legislation.gov.uk/ukpga/2020/7/schedule/21","www.legislation.gov.uk",
"site:*.gov.* coronavirus law",53,"Health Protection (Coronavirus, Wearing of Face Coverings in a","https://www.legislation.gov.uk/uksi/2020/791/contents/made","www.legislation.gov.uk",
"site:*.gov.* coronavirus law",54,"The Health Protection (Coronavirus, Wearing of Face ...","https://www.legislation.gov.uk/uksi/2020/592/contents/made","www.legislation.gov.uk",
"site:*.gov.* coronavirus law",55,"Coronavirus Act 2020 - Legislation.gov.uk","https://www.legislation.gov.uk/ukpga/2020/7/enacted","www.legislation.gov.uk",
"site:*.gov.* coronavirus law",56,"The Health Protection (Coronavirus) (Restrictions) (Scotland ...","https://www.legislation.gov.uk/ssi/2020/103/contents/made","www.legislation.gov.uk",
"site:*.gov.* coronavirus law",57,"Coronavirus Act 2020 - Legislation.gov.uk","https://www.legislation.gov.uk/ukpga/2020/7/schedule/22/enacted","www.legislation.gov.uk",
"site:*.gov.* coronavirus law",58,"Coronavirus Act 2020 - Legislation.gov.uk","https://www.legislation.gov.uk/ukpga/2020/7/schedule/21/enacted","www.legislation.gov.uk",
"site:*.gov.* coronavirus law",59,"Coronavirus Act 2020 - Legislation.gov.uk","https://www.legislation.gov.uk/ukpga/2020/7/schedule/29/enacted","www.legislation.gov.uk",
"site:*.gov.* coronavirus law",60,"Coronavirus Act 2020 - Legislation.gov.uk","https://www.legislation.gov.uk/ukpga/2020/7/schedule/13/enacted","www.legislation.gov.uk",
"site:*.gov.* coronavirus law",61,"Coronavirus (Scotland) Act 2020 - Legislation.gov.uk","https://www.legislation.gov.uk/asp/2020/7/schedule/7","www.legislation.gov.uk",
"site:*.gov.* coronavirus law",62,"Coronavirus (Scotland) (No.2) Act 2020 - Legislation.gov.uk","https://www.legislation.gov.uk/id/asp/2020/10","www.legislation.gov.uk",
"site:*.gov.* coronavirus law",63,"Coronavirus (Scotland) Act 2020 - Legislation.gov.uk","https://www.legislation.gov.uk/asp/2020/7/contents/enacted","www.legislation.gov.uk",
"site:*.gov.* coronavirus law",64,"Coronavirus Act 2020 - Legislation.gov.uk","https://www.legislation.gov.uk/ukpga/2020/7/schedule/22","www.legislation.gov.uk",
"site:*.gov.* coronavirus law",65,"Government.nl: Information from the Government of The ...","http://www.gov.nl/","www.gov.nl",
"site:*.gov.* coronavirus law",66,"The Health Protection (Coronavirus) Regulations 2020","https://www.legislation.gov.uk/uksi/2020/129/made","www.legislation.gov.uk",
"site:*.gov.* coronavirus law",67,"The Mental Capacity Act (2005) (MCA) and deprivation of ...","https://www.gov.uk/government/publications/coronavirus-covid-19-looking-after-people-who-lack-mental-capacity/the-mental-capacity-act-2005-mca-and-deprivation-of-liberty-safeguards-dols-during-the-coronavirus-covid-19-pandemic-additional-guidancea","www.gov.uk",
"site:*.gov.* coronavirus law",68,"The Coronavirus Act 2020 (Commencement No. 1 ...","https://www.legislation.gov.uk/uksi/2020/361/contents/made","www.legislation.gov.uk",
"site:*.gov.* coronavirus law",69,"Remote Education Temporary Continuity Direction ... - Gov.uk","https://www.gov.uk/government/publications/remote-education-temporary-continuity-direction-explanatory-note","www.gov.uk",
"site:*.gov.* coronavirus law",70,"Coronavirus (Scotland) (No.2) Act 2020 - Legislation.gov.uk","https://www.legislation.gov.uk/asp/2020/10/contents/enacted","www.legislation.gov.uk",
"site:*.gov.* coronavirus law",71,"Coronavirus Act 2020 - Legislation.gov.uk","https://www.legislation.gov.uk/ukpga/2020/7/section/24","www.legislation.gov.uk",
"site:*.gov.* coronavirus law",72,"Coronavirus Act 2020 - Legislation.gov.uk","https://www.legislation.gov.uk/ukpga/2020/7","www.legislation.gov.uk",
"site:*.gov.* coronavirus law",73,"Coronavirus Act 2020 - Legislation.gov.uk","https://www.legislation.gov.uk/ukpga/2020/7/resources","www.legislation.gov.uk",
"site:*.gov.* coronavirus law",74,"Coronavirus Act 2020 - Legislation.gov.uk","https://www.legislation.gov.uk/ukpga/2020/7/notes/division/1/index.htm","www.legislation.gov.uk",
"site:*.gov.* coronavirus law",75,"Coronavirus Act 2020 - Legislation.gov.uk","https://www.legislation.gov.uk/ukpga/2020/7/section/14/enacted","www.legislation.gov.uk",
"site:*.gov.* coronavirus law",76,"Coronavirus Act 2020 - Legislation.gov.uk","https://www.legislation.gov.uk/ukpga/2020/7/section/11/enacted","www.legislation.gov.uk",
"site:*.gov.* coronavirus law",77,"Coronavirus Act 2020 - Legislation.gov.uk","https://www.legislation.gov.uk/ukpga/2020/7/schedule/21/part/3/crossheading/children","www.legislation.gov.uk",
"site:*.gov.* coronavirus law",78,"Coronavirus Act 2020 - Legislation.gov.uk","https://www.legislation.gov.uk/ukpga/2020/7/schedule/16/enacted","www.legislation.gov.uk",
"site:*.gov.* coronavirus law",79,"The Health Protection (Coronavirus, Restrictions) (England ...","https://www.legislation.gov.uk/uksi/2020/350/regulation/3/made","www.legislation.gov.uk",
"site:*.gov.* coronavirus law",80,"Coronavirus Act 2020 - Legislation.gov.uk","https://www.legislation.gov.uk/ukpga/2020/7/part/1/enacted","www.legislation.gov.uk",
"site:*.gov.* coronavirus law",81,"Coronavirus Act 2020 - Legislation.gov.uk","https://www.legislation.gov.uk/ukpga/2020/7/schedule/7/enacted","www.legislation.gov.uk",
"site:*.gov.* coronavirus law",82,"Coronavirus Act 2020 - Legislation.gov.uk","https://www.legislation.gov.uk/ukpga/2020/7/schedule/22/part/5/crossheading/offences","www.legislation.gov.uk",
"site:*.gov.* coronavirus law",83,"Coronavirus Act 2020 - Legislation.gov.uk","https://www.legislation.gov.uk/ukpga/2020/7/section/90","www.legislation.gov.uk",
"site:*.gov.* coronavirus law",84,"Coronavirus Act 2020 - Legislation.gov.uk","https://www.legislation.gov.uk/ukpga/2020/7/schedule/13/part/1/crossheading/medical-certificates-of-cause-of-death","www.legislation.gov.uk",
"site:*.gov.* coronavirus law",85,"The Health Protection (Coronavirus) Regulations 2020 ...","https://www.legislation.gov.uk/uksi/2020/129/contents","www.legislation.gov.uk",
"site:*.gov.* coronavirus law",86,"Coronavirus Act 2020 - Legislation.gov.uk","https://www.legislation.gov.uk/ukpga/2020/7/schedule/29","www.legislation.gov.uk",
"site:*.gov.* coronavirus law",87,"The Health Protection (Coronavirus, International Travel ...","https://www.legislation.gov.uk/uksi/2020/568/contents/made","www.legislation.gov.uk",
"site:*.gov.* coronavirus law",88,"The Australian Government's Economic Response to ... - ATO","https://www.ato.gov.au/General/New-legislation/The-Australian-Government-s-Economic-Response-to-Coronavirus/","www.ato.gov.au",
"site:*.gov.* coronavirus law",89,"The Coronavirus Act 2020 (Suspension) Order (Northern ...","https://www.legislation.gov.uk/nisr/2020/141/contents/made","www.legislation.gov.uk",
"site:*.gov.* coronavirus law",90,"The Health Protection (Coronavirus, Local COVID-19 Alert ...","https://www.legislation.gov.uk/uksi/2020/1104/contents/made","www.legislation.gov.uk",
"site:*.gov.* coronavirus law",91,"The Coronavirus Act 2020 (Commencement No. 1) (Wales ...","https://www.legislation.gov.uk/id/wsi/2020/366","www.legislation.gov.uk",
"site:*.gov.* coronavirus law",92,"Coronavirus Act 2020 - Legislation.gov.uk","https://www.legislation.gov.uk/ukpga/2020/7/section/97","www.legislation.gov.uk",
"site:*.gov.* coronavirus law",93,"Coronavirus (Scotland) Act 2020 - Legislation.gov.uk","https://www.legislation.gov.uk/asp/2020/7/introduction/enacted","www.legislation.gov.uk",
"site:*.gov.* coronavirus law",94,"The Coronavirus (Retention of Fingerprints and DNA Profiles ...","https://www.legislation.gov.uk/uksi/2020/391/contents/made","www.legislation.gov.uk",
"site:*.gov.* coronavirus law",95,"Coronavirus Economic Response Package Omnibus Act 2020","https://www.legislation.gov.au/Latest/C2020C00139","www.legislation.gov.au",
"site:*.gov.* coronavirus law",96,"Coronavirus Act 2020 - Legislation.gov.uk","https://www.legislation.gov.uk/ukpga/2020/7/section/60","www.legislation.gov.uk",
"site:*.gov.* coronavirus law",97,"Coronavirus Act 2020 - Legislation.gov.uk","https://www.legislation.gov.uk/ukpga/2020/7/section/98","www.legislation.gov.uk",
"site:*.gov.* coronavirus law",98,"Coronavirus Act 2020 - Legislation.gov.uk","https://www.legislation.gov.uk/ukpga/2020/7/section/30","www.legislation.gov.uk",
"site:*.gov.* coronavirus law",99,"Movement and Gathering Direction (No. 6) | Queensland Health","https://www.health.qld.gov.au/system-governance/legislation/cho-public-health-directions-under-expanded-public-health-act-powers/movement-gathering-direction","www.health.qld.gov.au",
"site:*.gov.* coronavirus law",100,"Coronavirus Act 2020 - Legislation.gov.uk","https://www.legislation.gov.uk/ukpga/2020/7/part/1/crossheading/vaccinations-scotland","www.legislation.gov.uk",
"site:*.gov.* coronavirus law",1,"Coronavirus Legislation - Legislation.gov.uk","https://www.legislation.gov.uk/coronavirus","www.legislation.gov.uk",
"site:*.gov.* coronavirus law",2,"Coronavirus (COVID-19): Social Distancing - GOV.UK","https://www.gov.uk/government/publications/coronavirus-covid-19-meeting-with-others-safely-social-distancing/coronavirus-covid-19-meeting-with-others-safely-social-distancing","www.gov.uk",
"site:*.gov.* coronavirus law",3,"Coronavirus regulations: frequently asked questions | GOV ...","https://www.caerphilly.gov.uk/Services/Coronavirus/Coronavirus-regulations-from-9-November-frequently","www.caerphilly.gov.uk",
"site:*.gov.* coronavirus law",4,"The Health Protection (Coronavirus, Restrictions) (Self ...","https://www.legislation.gov.uk/uksi/2020/1045/made","www.legislation.gov.uk",
"site:*.gov.* coronavirus law",5,"Coronavirus Act 2020 - Legislation.gov.uk","https://www.legislation.gov.uk/ukpga/2020/7/contents/enacted","www.legislation.gov.uk",
"site:*.gov.* coronavirus law",6,"Statement on coronavirus (COVID-19), consumer contracts ...","https://www.gov.uk/government/publications/cma-to-investigate-concerns-about-cancellation-policies-during-the-coronavirus-covid-19-pandemic/the-coronavirus-covid-19-pandemic-consumer-contracts-cancellation-and-refunds","www.gov.uk",
"site:*.gov.* coronavirus law",7,"Face coverings: when to wear one, exemptions, and how to ...","https://www.gov.uk/government/publications/face-coverings-when-to-wear-one-and-how-to-make-your-own/face-coverings-when-to-wear-one-and-how-to-make-your-own","www.gov.uk",
"site:*.gov.* coronavirus law",8,"Coronavirus Act 2020: status - GOV.UK","https://www.gov.uk/government/publications/coronavirus-act-2020-status","www.gov.uk",
"site:*.gov.* coronavirus law",9,"Coronavirus Act 2020 - Legislation.gov.uk","https://www.legislation.gov.uk/id/ukpga/2020/7","www.legislation.gov.uk",
"site:*.gov.* coronavirus law",10,"What the Coronavirus Bill will do - GOV.UK","https://www.gov.uk/government/publications/coronavirus-bill-what-it-will-do/what-the-coronavirus-bill-will-do","www.gov.uk",
"site:*.gov.* coronavirus law",11,"Coronavirus (COVID-19): public use of face coverings - gov.scot","https://www.gov.scot/publications/coronavirus-covid-19-public-use-of-face-coverings/","www.gov.scot",
"site:*.gov.* coronavirus law",12,"Stay at home: guidance for households with possible or ...","https://www.gov.uk/government/publications/covid-19-stay-at-home-guidance/stay-at-home-guidance-for-households-with-possible-coronavirus-covid-19-infection","www.gov.uk",
"site:*.gov.* coronavirus law",13,"Rule of six comes into effect to tackle coronavirus - GOV.UK","https://www.gov.uk/government/news/rule-of-six-comes-into-effect-to-tackle-coronavirus","www.gov.uk",
"site:*.gov.* coronavirus law",14,"Contract cancellations and refunds due to coronavirus (COVID ...","https://www.gov.uk/government/publications/cma-to-investigate-concerns-about-cancellation-policies-during-the-coronavirus-covid-19-pandemic","www.gov.uk",
"site:*.gov.* coronavirus law",15,"Coronavirus Bill: what it will do - GOV.UK","https://www.gov.uk/government/publications/coronavirus-bill-what-it-will-do","www.gov.uk",
"site:*.gov.* coronavirus law",16,"The Health Protection (Coronavirus) Regulations 2020","https://www.legislation.gov.uk/uksi/2020/129/contents/made","www.legislation.gov.uk",
"site:*.gov.* coronavirus law",17,"The Health Protection (Coronavirus, Restrictions) (England ...","https://www.legislation.gov.uk/uksi/2020/350/regulation/6/made","www.legislation.gov.uk",
"site:*.gov.* coronavirus law",18,"(Coronavirus, Restrictions) (No. 2) (England) Regulations 2020","https://www.legislation.gov.uk/uksi/2020/684","www.legislation.gov.uk",
"site:*.gov.* coronavirus law",19,"The Health Protection (Coronavirus, Wearing of Face ...","https://www.legislation.gov.uk/uksi/2020/592/contents/made","www.legislation.gov.uk",
"site:*.gov.* coronavirus law",20,"Regulations 2020 - Legislation.gov.uk","https://www.legislation.gov.uk/uksi/2020/1200/pdfs/uksi_20201200_en.pdf","www.legislation.gov.uk",
"site:*.gov.* coronavirus law",21,"Health Protection (Coronavirus, Wearing of Face Coverings in a","https://www.legislation.gov.uk/uksi/2020/791/contents/made","www.legislation.gov.uk",
"site:*.gov.* coronavirus law",22,"Coronavirus (COVID-19): Cancellation and refund updates ...","https://www.gov.uk/government/news/coronavirus-covid-19-cancellation-and-refund-updates","www.gov.uk",
"site:*.gov.* coronavirus law",23,"Coronavirus (COVID-19): guidance on travel and transport ...","https://www.gov.scot/publications/coronavirus-covid-19-guidance-on-travel-and-transport/","www.gov.scot",
"site:*.gov.* coronavirus law",24,"New National Restrictions from 5 November - GOV.UK","https://www.gov.uk/guidance/new-national-restrictions-from-5-november","www.gov.uk",
"site:*.gov.* coronavirus law",25,"Physical distancing for coronavirus (COVID-19) | Australian ...","https://www.health.gov.au/news/health-alerts/novel-coronavirus-2019-ncov-health-alert/how-to-protect-yourself-and-others-from-coronavirus-covid-19/physical-distancing-for-coronavirus-covid-19","www.health.gov.au",
"site:*.gov.* coronavirus law",26,"Complete ban on evictions and additional protection for ...","https://www.gov.uk/government/news/complete-ban-on-evictions-and-additional-protection-for-renters","www.gov.uk",
"site:*.gov.* coronavirus law",27,"Coronavirus (COVID-19): Information for individuals and ...","https://www.gov.uk/guidance/coronavirus-covid-19-information-for-individuals-and-businesses-in-wales","www.gov.uk",
"site:*.gov.* coronavirus law",28,"COVID-19 and discrimination law | Coronavirus disease ...","https://coronavirus.tas.gov.au/families-community/covid-19-and-discrimination-law","coronavirus.tas.gov.au",
"site:*.gov.* coronavirus law",29,"Wedding services affected by COVID-19: statement of the ...","https://www.gov.uk/government/publications/wedding-services-coronavirus-covid-19-cancellations-and-refunds/wedding-services-affected-by-covid-19-statement-of-the-cmas-position-on-cancellation-and-refunds","www.gov.uk",
"site:*.gov.* coronavirus law",30,"Coronavirus (COVID-19): What has changed – 9 September ...","https://www.gov.uk/government/news/coronavirus-covid-19-what-has-changed-9-september","www.gov.uk",
"site:*.gov.* coronavirus law",31,"COVID-19 and renting: guidance for landlords, tenants and ...","https://www.gov.uk/government/publications/covid-19-and-renting-guidance-for-landlords-tenants-and-local-authorities","www.gov.uk",
"site:*.gov.* coronavirus law",32,"Draft legislation: Taxation of coronavirus (COVID-19) support ...","https://www.gov.uk/government/consultations/draft-legislation-taxation-of-coronavirus-covid-19-support-payments","www.gov.uk",
"site:*.gov.* coronavirus law",33,"The Coronavirus (Retention of Fingerprints and DNA Profiles ...","https://www.legislation.gov.uk/uksi/2020/973/made?view=plain","www.legislation.gov.uk",
"site:*.gov.* coronavirus law",34,"Coronavirus and the law - Legal Aid Tasmania","https://www.legalaid.tas.gov.au/latest-news/coronavirus-and-the-law/","www.legalaid.tas.gov.au",
"site:*.gov.* coronavirus law",35,"Holiday entitlement and pay during coronavirus (COVID-19 ...","https://www.gov.uk/guidance/holiday-entitlement-and-pay-during-coronavirus-covid-19","www.gov.uk",
"site:*.gov.* coronavirus law",36,"Health Protection (Coronavirus, Wearing of Face Coverings in a","https://www.legislation.gov.uk/uksi/2020/791/made","www.legislation.gov.uk",
"site:*.gov.* coronavirus law",37,"CMA coronavirus (COVID-19) response - GOV.UK","https://www.gov.uk/government/collections/cma-covid-19-response","www.gov.uk",
"site:*.gov.* coronavirus law",38,"Coronavirus (COVID-19): how to self-isolate when you travel ...","https://www.gov.uk/government/publications/coronavirus-covid-19-how-to-self-isolate-when-you-travel-to-the-uk/coronavirus-covid-19-how-to-self-isolate-when-you-travel-to-the-uk","www.gov.uk",
"site:*.gov.* coronavirus law",39,"Shops and branches - Working safely during coronavirus ...","https://www.gov.uk/guidance/working-safely-during-coronavirus-covid-19/shops-and-branches","www.gov.uk",
"site:*.gov.* coronavirus law",40,"Government has changed the law so most renters have a 6 ...","https://www.gov.uk/government/news/government-has-changed-the-law-so-most-renters-have-a-6-month-notice-period","www.gov.uk",
"site:*.gov.* coronavirus law",41,"Education, health and care needs assessments and plans ...","https://www.gov.uk/government/publications/changes-to-the-law-on-education-health-and-care-needs-assessments-and-plans-due-to-coronavirus/education-health-and-care-needs-assessments-and-plans-guidance-on-temporary-legislative-changes-relating-to-coronavirus-covid-19","www.gov.uk",
"site:*.gov.* coronavirus law",42,"The Law & COVID-19 (Coronavirus) for South Australians","https://lsc.sa.gov.au/cb_pages/the_law__covid-19_coronavirus_for_south_australians.php","lsc.sa.gov.au",
"site:*.gov.* coronavirus law",43,"Coronavirus (COVID-19) listed as a notifiable disease - GOV.UK","https://www.gov.uk/government/news/coronavirus-covid-19-listed-as-a-notifiable-disease","www.gov.uk",
"site:*.gov.* coronavirus law",44,"The Health Protection (Coronavirus, Restrictions) (England ...","https://www.legislation.gov.uk/uksi/2020/350/regulation/3/made","www.legislation.gov.uk",
"site:*.gov.* coronavirus law",45,"The Health Protection (Coronavirus, Local COVID-19 Alert ...","https://www.legislation.gov.uk/uksi/2020/1104/contents/made","www.legislation.gov.uk",
"site:*.gov.* coronavirus law",46,"The Health Protection (Coronavirus, International Travel ...","https://www.legislation.gov.uk/uksi/2020/568/contents/made","www.legislation.gov.uk",
"site:*.gov.* coronavirus law",47,"Coronavirus (COVID-19): Education and childcare - GOV.UK","https://www.gov.uk/coronavirus/education-and-childcare","www.gov.uk",
"site:*.gov.* coronavirus law",48,"Venues required by law to record contact details - GOV.UK","https://www.gov.uk/government/news/venues-required-by-law-to-record-contact-details","www.gov.uk",
"site:*.gov.* coronavirus law",49,"Factories, plants and warehouses - Working safely during ...","https://www.gov.uk/guidance/working-safely-during-coronavirus-covid-19/factories-plants-and-warehouses","www.gov.uk",
"site:*.gov.* coronavirus law",50,"The Australian Government's Economic Response to ... - ATO","https://www.ato.gov.au/General/New-legislation/The-Australian-Government-s-Economic-Response-to-Coronavirus/","www.ato.gov.au",
"site:*.gov.* coronavirus law",51,"Coronavirus (Scotland) Act 2020 - Legislation.gov.uk","https://www.legislation.gov.uk/id/asp/2020/7","www.legislation.gov.uk",
"site:*.gov.* coronavirus law",52,"COVID-19: Guidance for small marriages and civil ... - Gov.uk","https://www.gov.uk/government/publications/covid-19-guidance-for-small-marriages-and-civil-partnerships/covid-19-guidance-for-small-marriages-and-civil-partnerships","www.gov.uk",
"site:*.gov.* coronavirus law",53,"The Health Protection (Coronavirus, Collection of Contact ...","https://www.legislation.gov.uk/uksi/2020/1005/made","www.legislation.gov.uk",
"site:*.gov.* coronavirus law",54,"The Health Protection (Coronavirus, Restrictions) (No. 2 ...","https://www.legislation.gov.uk/uksi/2020/684/regulation/5/made","www.legislation.gov.uk",
"site:*.gov.* coronavirus law",55,"The Health Protection (Coronavirus, Restrictions) (No. 2 ...","https://www.legislation.gov.uk/uksi/2020/684/contents/made","www.legislation.gov.uk",
"site:*.gov.* coronavirus law",56,"Staying at home and away from others (social distancing ...","https://www.gov.uk/government/publications/full-guidance-on-staying-at-home-and-away-from-others/full-guidance-on-staying-at-home-and-away-from-others","www.gov.uk",
"site:*.gov.* coronavirus law",57,"Coronavirus bill: summary of impacts - GOV.UK","https://www.gov.uk/government/publications/coronavirus-bill-summary-of-impacts/coronavirus-bill-summary-of-impacts","www.gov.uk",
"site:*.gov.* coronavirus law",58,"Law Centre can help with housing issues during coronavirus ...","https://www.lbhf.gov.uk/articles/news/2020/04/law-centre-can-help-housing-issues-during-coronavirus-outbreak","www.lbhf.gov.uk",
"site:*.gov.* coronavirus law",59,"The Health Protection (Coronavirus, Wearing of Face ...","https://www.legislation.gov.uk/id/uksi/2020/791","www.legislation.gov.uk",
"site:*.gov.* coronavirus law",60,"Coronavirus disease (COVID-19) – information for consumers ...","https://consumerlaw.gov.au/coronavirus-disease-covid-19-information-consumers","consumerlaw.gov.au",
"site:*.gov.* coronavirus law",61,"Regulations 2020 - Legislation.gov.uk","https://www.legislation.gov.uk/uksi/2020/1105/pdfs/uksi_20201105_en.pdf","www.legislation.gov.uk",
"site:*.gov.* coronavirus law",62,"The Health Protection (Coronavirus, International Travel ...","https://www.legislation.gov.uk/uksi/2020/568/pdfs/uksi_20200568_en.pdf","www.legislation.gov.uk",
"site:*.gov.* coronavirus law",63,"The Health Protection (Coronavirus, Business Closure ...","https://www.legislation.gov.uk/uksi/2020/327/contents/made","www.legislation.gov.uk",
"site:*.gov.* coronavirus law",64,"(England) Regulations 2020 - Legislation.gov.uk","https://www.legislation.gov.uk/uksi/2020/1104/pdfs/uksi_20201104_en.pdf","www.legislation.gov.uk",
"site:*.gov.* coronavirus law",65,"The Health Protection (Coronavirus, Restrictions) (England ...","https://www.legislation.gov.uk/uksi/2020/350","www.legislation.gov.uk",
"site:*.gov.* coronavirus law",66,"Coronavirus (Scotland) Act 2020 - Legislation.gov.uk","https://www.legislation.gov.uk/asp/2020/7/contents/enacted","www.legislation.gov.uk",
"site:*.gov.* coronavirus law",67,"The Health Protection (Coronavirus, Wearing of Face ...","https://www.legislation.gov.uk/uksi/2020/791/regulation/3/made","www.legislation.gov.uk",
"site:*.gov.* coronavirus law",68,"Social Services and Other Legislation Amendment ...","https://www.aph.gov.au/Parliamentary_Business/Bills_Legislation/Bills_Search_Results/Result?bId=r6611","www.aph.gov.au",
"site:*.gov.* coronavirus law",69,"Coronavirus (COVID-19) legislation - Federal Court of Australia","https://www.fedcourt.gov.au/covid19/legislation","www.fedcourt.gov.au",
"site:*.gov.* coronavirus law",70,"The Health Protection (Coronavirus) Regulations 2020 ...","https://www.legislation.gov.uk/uksi/2020/129/contents","www.legislation.gov.uk",
"site:*.gov.* coronavirus law",71,"Coronavirus Act 2020 - Legislation.gov.uk","https://www.legislation.gov.uk/ukpga/2020/7/enacted","www.legislation.gov.uk",
"site:*.gov.* coronavirus law",72,"The Health Protection (Coronavirus Restrictions) (Wales ...","https://www.legislation.gov.uk/wsi/2020/353/contents/made","www.legislation.gov.uk",
"site:*.gov.* coronavirus law",73,"Coronavirus Act 2020 - Legislation.gov.uk","https://www.legislation.gov.uk/ukpga/2020/7/schedule/13/enacted","www.legislation.gov.uk",
"site:*.gov.* coronavirus law",74,"The Health Protection (Coronavirus, Restrictions) (Leicester ...","https://www.legislation.gov.uk/uksi/2020/685/contents/made","www.legislation.gov.uk",
"site:*.gov.* coronavirus law",75,"The Health Protection (Coronavirus, Local COVID-19 Alert ...","https://www.legislation.gov.uk/uksi/2020/1105/contents","www.legislation.gov.uk",
"site:*.gov.* coronavirus law",76,"The Health Protection (Coronavirus, Restrictions) (England ...","https://www.legislation.gov.uk/id/uksi/2020/1200","www.legislation.gov.uk",
"site:*.gov.* coronavirus law",77,"The Health Protection (Coronavirus, Business Closure ...","https://www.legislation.gov.uk/uksi/2020/327/made","www.legislation.gov.uk",
"site:*.gov.* coronavirus law",78,"The Health Protection (Coronavirus) (Restrictions) (Scotland ...","https://www.legislation.gov.uk/id/ssi/2020/103","www.legislation.gov.uk",
"site:*.gov.* coronavirus law",79,"The Health Protection (Coronavirus, Restrictions on ...","https://www.legislation.gov.uk/uksi/2020/828/made","www.legislation.gov.uk",
"site:*.gov.* coronavirus law",80,"The Health Protection (Coronavirus, Restrictions) (Obligations ...","https://www.legislation.gov.uk/uksi/2020/1008/contents/made","www.legislation.gov.uk",
"site:*.gov.* coronavirus law",81,"Wedding services: coronavirus (COVID-19), cancellations and ...","https://www.gov.uk/government/publications/wedding-services-coronavirus-covid-19-cancellations-and-refunds","www.gov.uk",
"site:*.gov.* coronavirus law",82,"Coronavirus Act 2020 - Legislation.gov.uk","https://www.legislation.gov.uk/ukpga/2020/7/schedule/21/part/3/crossheading/children","www.legislation.gov.uk",
"site:*.gov.* coronavirus law",83,"Coronavirus - Spain travel advice - GOV.UK","https://www.gov.uk/foreign-travel-advice/spain/coronavirus-","www.gov.uk",
"site:*.gov.* coronavirus law",84,"Movement and Gathering Direction (No. 6) | Queensland Health","https://www.health.qld.gov.au/system-governance/legislation/cho-public-health-directions-under-expanded-public-health-act-powers/movement-gathering-direction","www.health.qld.gov.au",
"site:*.gov.* coronavirus law",85,"The Town and Country Planning (Permitted Development and ...","https://www.legislation.gov.uk/uksi/2020/632/contents/made","www.legislation.gov.uk",
"site:*.gov.* coronavirus law",86,"Government.nl: Information from the Government of The ...","http://www.gov.nl/","www.gov.nl",
"site:*.gov.* coronavirus law",87,"The Health Protection (Coronavirus, Restrictions) (North East ...","https://www.legislation.gov.uk/uksi/2020/1010/made","www.legislation.gov.uk",
"site:*.gov.* coronavirus law",88,"The Health Protection (Coronavirus, Restrictions) (Blackburn ...","https://www.legislation.gov.uk/uksi/2020/822/contents","www.legislation.gov.uk",
"site:*.gov.* coronavirus law",89,"The Health Protection (Coronavirus, Restrictions) (Obligations ...","https://www.legislation.gov.uk/uksi/2020/1046/made","www.legislation.gov.uk",
"site:*.gov.* coronavirus law",90,"The Special Educational Needs and Disability (Coronavirus ...","https://www.legislation.gov.uk/uksi/2020/471/contents/made","www.legislation.gov.uk",
"site:*.gov.* coronavirus law",91,"COVID-19: guidance for arranging or attending a funeral ...","https://www.gov.uk/government/publications/covid-19-guidance-for-managing-a-funeral-during-the-coronavirus-pandemic","www.gov.uk",
"site:*.gov.* coronavirus law",92,"Coronavirus (COVID-19) Phase 3: staying safe and protecting ...","http://www.gov.scot/publications/coronavirus-covid-19-phase-3-staying-safe-and-protecting-others/pages/compliance-and-penalties/","www.gov.scot",
"site:*.gov.* coronavirus law",93,"Ministry of Justice - GOV.UK","https://www.gov.uk/government/organisations/ministry-of-justice","www.gov.uk",
"site:*.gov.* coronavirus law",94,"Limits on public gatherings for coronavirus (COVID-19 ...","https://www.health.gov.au/news/health-alerts/novel-coronavirus-2019-ncov-health-alert/how-to-protect-yourself-and-others-from-coronavirus-covid-19/limits-on-public-gatherings-for-coronavirus-covid-19","www.health.gov.au",
"site:*.gov.* coronavirus law",95,"Coronavirus (COVID-19): safer transport guidance for ... - Gov.uk","https://www.gov.uk/government/publications/coronavirus-covid-19-safer-transport-guidance-for-operators/coronavirus-covid-19-safer-transport-guidance-for-operators","www.gov.uk",
"site:*.gov.* coronavirus law",96,"The Wills Act 1837 (Electronic Communications) (Amendment ...","https://www.legislation.gov.uk/id/uksi/2020/952","www.legislation.gov.uk",
"site:*.gov.* coronavirus law",97,"The Working Time (Coronavirus) (Amendment) Regulations ...","https://www.legislation.gov.uk/uksi/2020/365/made","www.legislation.gov.uk",
"site:*.gov.* coronavirus law",98,"Coronavirus Economic Response Package (Payments and ...","https://www.legislation.gov.au/Details/F2020L00419","www.legislation.gov.au",
"site:*.gov.* coronavirus law",99,"Scottish General Election (Coronavirus) Bill - gov.scot","https://www.gov.scot/news/scottish-general-election-coronavirus-bill/","www.gov.scot",
"site:*.gov.* coronavirus law",100,"The Coronavirus Act 2020 (Residential Tenancies: Protection ...","https://www.legislation.gov.uk/uksi/2020/914/contents/made","www.legislation.gov.uk",
"site:*.gov.* covid-19 law",1,"Coronavirus Legislation - Legislation.gov.uk","https://www.legislation.gov.uk/coronavirus","www.legislation.gov.uk",
"site:*.gov.* covid-19 law",2,"Coronavirus regulations: frequently asked questions | GOV ...","https://www.caerphilly.gov.uk/Services/Coronavirus/Coronavirus-regulations-from-9-November-frequently","www.caerphilly.gov.uk",
"site:*.gov.* covid-19 law",3,"Coronavirus Act 2020: status - GOV.UK","https://www.gov.uk/government/publications/coronavirus-act-2020-status","www.gov.uk",
"site:*.gov.* covid-19 law",4,"COVID-19 and discrimination law | Coronavirus disease ...","https://coronavirus.tas.gov.au/families-community/covid-19-and-discrimination-law","coronavirus.tas.gov.au",
"site:*.gov.* covid-19 law",5,"The Health Protection (Coronavirus) Regulations 2020","https://www.legislation.gov.uk/uksi/2020/129/contents/made","www.legislation.gov.uk",
"site:*.gov.* covid-19 law",6,"Coronavirus (COVID-19) legislation - Federal Court of Australia","https://www.fedcourt.gov.au/covid19/legislation","www.fedcourt.gov.au",
"site:*.gov.* covid-19 law",7,"The Health Protection (Coronavirus, Local COVID-19 Alert ...","https://www.legislation.gov.uk/uksi/2020/1105/contents/made","www.legislation.gov.uk",
"site:*.gov.* covid-19 law",8,"Emergency Measures and COVID-19 - OHCHR","https://www.gov.za/sites/default/files/gcis_documents/UNOHCHR%20EmergencyMeasures_COVID19%20Guidance.pdf","www.gov.za",
"site:*.gov.* covid-19 law",9,"Coronavirus Bill: what it will do - GOV.UK","https://www.gov.uk/government/publications/coronavirus-bill-what-it-will-do","www.gov.uk",
"site:*.gov.* covid-19 law",10,"What the Coronavirus Bill will do - GOV.UK","https://www.gov.uk/government/publications/coronavirus-bill-what-it-will-do/what-the-coronavirus-bill-will-do","www.gov.uk",
"site:*.gov.* covid-19 law",11,"(Emergency Measures) Act 2020 - NSW legislation","https://www.legislation.nsw.gov.au/view/pdf/asmade/act-2020-1","www.legislation.nsw.gov.au",
"site:*.gov.* covid-19 law",12,"Regulations for persons entering Germany in connection ... - RKI","https://www.gov.pl/attachment/fa330f9c-e91d-407a-b2db-cd4cfd6e016d","www.gov.pl",
"site:*.gov.* covid-19 law",13,"£5.4 million to support legal advice sector during the COVID ...","https://www.gov.uk/government/news/5-4-million-to-support-legal-advice-sector-during-the-covid-19-pandemic","www.gov.uk",
"site:*.gov.* covid-19 law",14,"Statement on coronavirus (COVID-19), consumer contracts ...","https://www.gov.uk/government/publications/cma-to-investigate-concerns-about-cancellation-policies-during-the-coronavirus-covid-19-pandemic/the-coronavirus-covid-19-pandemic-consumer-contracts-cancellation-and-refunds","www.gov.uk",
"site:*.gov.* covid-19 law",15,"Legal resources for COVID-19 - Legal Aid NSW","https://www.legalaid.nsw.gov.au/get-legal-help/covid-19","www.legalaid.nsw.gov.au",
"site:*.gov.* covid-19 law",16,"Coronavirus (COVID-19): Social Distancing - GOV.UK","https://www.gov.uk/government/publications/coronavirus-covid-19-meeting-with-others-safely-social-distancing/coronavirus-covid-19-meeting-with-others-safely-social-distancing","www.gov.uk",
"site:*.gov.* covid-19 law",17,"COVID-19 related legislation - NSW legislation","https://www.legislation.nsw.gov.au/information/covid19-legislation","www.legislation.nsw.gov.au",
"site:*.gov.* covid-19 law",18,"Contract cancellations and refunds due to coronavirus (COVID ...","https://www.gov.uk/government/publications/cma-to-investigate-concerns-about-cancellation-policies-during-the-coronavirus-covid-19-pandemic","www.gov.uk",
"site:*.gov.* covid-19 law",19,"Nursery and early years sector: COVID-19 restrictions ... - Gov.uk","https://www.gov.uk/government/publications/nursery-and-early-years-sector-covid-19-restrictions-and-consumer-law","www.gov.uk",
"site:*.gov.* covid-19 law",20,"Coronavirus (COVID-19): Legal Aid Agency contingency ...","https://www.gov.uk/guidance/coronavirus-covid-19-legal-aid-agency-contingency-response","www.gov.uk",
"site:*.gov.* covid-19 law",21,"COVID-19 (Temporary Measures) Act 2020 - Singapore ...","https://sso.agc.gov.sg/Act/COVID19TMA2020","sso.agc.gov.sg",
"site:*.gov.* covid-19 law",22,"Nursery and early years sector: COVID-19 restrictions ... - Gov.uk","https://www.gov.uk/government/publications/nursery-and-early-years-sector-covid-19-restrictions-and-consumer-law/nursery-and-early-years-sector-covid-19-restrictions-and-consumer-law-advice","www.gov.uk",
"site:*.gov.* covid-19 law",23,"Covid-19 Relief Measures - Upcoming Legislative Provisions ...","https://www.mlaw.gov.sg/news/press-releases/covid-19-relief-measures-upcoming-legislative-provisions-to-provide-legal-certainty-on-holding-of-meetings","www.mlaw.gov.sg",
"site:*.gov.* covid-19 law",24,"Get help with COVID-19 | Victoria Legal Aid","https://www.legalaid.vic.gov.au/find-legal-answers/covid-19-coronavirus/get-help","www.legalaid.vic.gov.au",
"site:*.gov.* covid-19 law",25,"The Law & COVID-19 (Coronavirus) for South Australians","https://lsc.sa.gov.au/cb_pages/the_law__covid-19_coronavirus_for_south_australians.php","lsc.sa.gov.au",
"site:*.gov.* covid-19 law",26,"COVID-19: Free help for pandemic legal issues - Legal Aid NSW","https://www.legalaid.nsw.gov.au/for-lawyers/news/news-for-lawyers/covid-19-free-help-for-pandemic-legal-issues","www.legalaid.nsw.gov.au",
"site:*.gov.* covid-19 law",27,"Emergency coronavirus powers - gov.scot","https://www.gov.scot/news/emergency-coronavirus-powers/","www.gov.scot",
"site:*.gov.* covid-19 law",28,"COVID-19 coronavirus | Victoria Legal Aid","https://www.legalaid.vic.gov.au/find-legal-answers/covid-19-coronavirus","www.legalaid.vic.gov.au",
"site:*.gov.* covid-19 law",29,"COVID-19 and human rights - QHRC","https://www.qhrc.qld.gov.au/your-rights/covid-19-and-human-rights","www.qhrc.qld.gov.au",
"site:*.gov.* covid-19 law",30,"Emergency bill to strengthen coronavirus (COVID-19 ... - Gov.uk","https://www.gov.uk/government/news/emergency-bill-to-strengthen-coronavirus-covid-19-response-plans","www.gov.uk",
"site:*.gov.* covid-19 law",31,"Wedding services affected by COVID-19: statement of the ...","https://www.gov.uk/government/publications/wedding-services-coronavirus-covid-19-cancellations-and-refunds/wedding-services-affected-by-covid-19-statement-of-the-cmas-position-on-cancellation-and-refunds","www.gov.uk",
"site:*.gov.* covid-19 law",32,"COVID-19: Emergency laws introduced to parliament to boost ...","https://www.nsw.gov.au/news/covid-19-emergency-laws-introduced-to-parliament-to-boost-community-safety","www.nsw.gov.au",
"site:*.gov.* covid-19 law",33,"COVID-19: Family law and school shutdowns - Legal Aid NSW","https://www.legalaid.nsw.gov.au/publications/factsheets-and-resources/covid-19/covid-19-family-law-and-school-shutdowns","www.legalaid.nsw.gov.au",
"site:*.gov.* covid-19 law",34,"COVID-19 and discrimination at work | Victoria Legal Aid","https://www.legalaid.vic.gov.au/find-legal-answers/covid-19-coronavirus/discrimination-work","www.legalaid.vic.gov.au",
"site:*.gov.* covid-19 law",35,"COVID-19 | Legal Aid WA","https://www.legalaid.wa.gov.au/covid-19","www.legalaid.wa.gov.au",
"site:*.gov.* covid-19 law",36,"New legislation in response to Covid-19 - Government of Jersey","http://www.gov.je/News/2020/Pages/CMlegislation.aspx","www.gov.je",
"site:*.gov.* covid-19 law",37,"Commercial tenancies - COVID-19 response | Department of ...","https://www.commerce.wa.gov.au/consumer-protection/commercial-tenancies-covid-19-response","www.commerce.wa.gov.au",
"site:*.gov.* covid-19 law",38,"Learning from COVID-19 - Parliament of Victoria","https://www.parliament.vic.gov.au/education/learning-from-covid-19","www.parliament.vic.gov.au",
"site:*.gov.* covid-19 law",39,"Coronavirus (COVID-19): Cancellation and refund updates ...","https://www.gov.uk/government/news/coronavirus-covid-19-cancellation-and-refund-updates","www.gov.uk",
"site:*.gov.* covid-19 law",40,"COVID-19: Public health orders – what do I need to know ...","https://www.legalaid.nsw.gov.au/publications/factsheets-and-resources/covid-19/covid-19-public-health-orders-what-do-i-need-to-know","www.legalaid.nsw.gov.au",
"site:*.gov.* covid-19 law",41,"COVID-19 Legislative Scrutiny – Parliament of Australia","https://www.aph.gov.au/Parliamentary_Business/Committees/Joint/Human_Rights/COVID19_Legislative_Scrutiny","www.aph.gov.au",
"site:*.gov.* covid-19 law",42,"Rule of six comes into effect to tackle coronavirus - GOV.UK","https://www.gov.uk/government/news/rule-of-six-comes-into-effect-to-tackle-coronavirus","www.gov.uk",
"site:*.gov.* covid-19 law",43,"COVID-19 employment law and workforce FAQs | Local ...","https://www.local.gov.uk/covid-19-employment-law-faqs","www.local.gov.uk",
"site:*.gov.* covid-19 law",44,"COVID-19 Information","https://lsc.sa.gov.au/cb_pages/covid-19_information.php","lsc.sa.gov.au",
"site:*.gov.* covid-19 law",45,"New legal duty to self-isolate comes into force today - GOV.UK","https://www.gov.uk/government/news/new-legal-duty-to-self-isolate-comes-into-force-today","www.gov.uk",
"site:*.gov.* covid-19 law",46,"Common Law Division changes in response to COVID-19 ...","https://www.supremecourt.vic.gov.au/law-and-practice/areas-of-the-court/common-law-division/CLD-changes-COVID-19","www.supremecourt.vic.gov.au",
"site:*.gov.* covid-19 law",47,"COVID-19 and fines | Victoria Legal Aid","https://www.legalaid.vic.gov.au/find-legal-answers/covid-19-coronavirus/fines","www.legalaid.vic.gov.au",
"site:*.gov.* covid-19 law",48,"Face coverings: when to wear one, exemptions, and how to ...","https://www.gov.uk/government/publications/face-coverings-when-to-wear-one-and-how-to-make-your-own/face-coverings-when-to-wear-one-and-how-to-make-your-own","www.gov.uk",
"site:*.gov.* covid-19 law",49,"COVID-19 and the law of Australia | The Law Library of Victoria","https://www.lawlibrary.vic.gov.au/visit-library/news/covid-19-and-law-australia","www.lawlibrary.vic.gov.au",
"site:*.gov.* covid-19 law",50,"Guidance for landlords and tenants - GOV.UK","https://www.gov.uk/government/publications/covid-19-and-renting-guidance-for-landlords-tenants-and-local-authorities/coronavirus-covid-19-guidance-for-landlords-and-tenants","www.gov.uk",
"site:*.gov.* covid-19 law",51,"Emergency Powers, Public Health and ... - Parliament of Victoria","https://www.parliament.vic.gov.au/publications/research-papers/download/36-research-papers/13962-emergency-powers-public-health-and-covid-19","www.parliament.vic.gov.au",
"site:*.gov.* covid-19 law",52,"COVID-19 information | Australian Human Rights Commission","https://humanrights.gov.au/our-work/commission-general/covid-19-information","humanrights.gov.au",
"site:*.gov.* covid-19 law",53,"COVID-19 and losing work | Victoria Legal Aid","https://www.legalaid.vic.gov.au/find-legal-answers/covid-19-coronavirus/losing-work","www.legalaid.vic.gov.au",
"site:*.gov.* covid-19 law",54,"COVID-19 Legal Aid Queensland service update","http://www.legalaid.qld.gov.au/Listings/Announcements/COVID-19-Legal-Aid-Queensland-service-update","www.legalaid.qld.gov.au",
"site:*.gov.* covid-19 law",55,"Treasury Laws Amendment (A Tax Plan for the COVID-19 ...","https://www.aph.gov.au/Parliamentary_Business/Bills_Legislation/Bills_Search_Results/Result?bId=r6610","www.aph.gov.au",
"site:*.gov.* covid-19 law",56,"COVID-19: law and licensing updates | Angus Council","https://www.angus.gov.uk/law_and_licensing/covid_19_law_and_licensing_updates","www.angus.gov.uk",
"site:*.gov.* covid-19 law",57,"COVID-19 - Legal Aid NSW","https://www.legalaid.nsw.gov.au/publications/factsheets-and-resources/covid-19","www.legalaid.nsw.gov.au",
"site:*.gov.* covid-19 law",58,"COVID-19 (Temporary Measures) Act Provisions relating to ...","https://www.mlaw.gov.sg/news/press-releases/2020-04-20-covid-19-temporary-measures-act-provisions-relating-to-temporary-reliefs-to-commence-on-20-april-2020","www.mlaw.gov.sg",
"site:*.gov.* covid-19 law",59,"Information for consumers and businesses affected by COVID ...","https://www.qld.gov.au/law/laws-regulated-industries-and-accountability/queensland-laws-and-regulations/fair-trading-services-programs-and-resources/fair-trading-latest-news/disaster-assistance/covid-19","www.qld.gov.au",
"site:*.gov.* covid-19 law",60,"Coronavirus (COVID-19): guidance and support - GOV.UK","https://www.gov.uk/coronavirus","www.gov.uk",
"site:*.gov.* covid-19 law",61,"COVID-19 and ending your tenancy | Victoria Legal Aid","https://www.legalaid.vic.gov.au/find-legal-answers/covid-19-coronavirus/ending-your-tenancy","www.legalaid.vic.gov.au",
"site:*.gov.* covid-19 law",62,"COVID-19: Criminal offences | Legal Aid WA","https://www.legalaid.wa.gov.au/get-legal-help/covid-19-how-we-can-help/covid-19-legal-information/covid-19-criminal-offences","www.legalaid.wa.gov.au",
"site:*.gov.* covid-19 law",63,"Coronavirus disease (COVID-19) – information for consumers ...","https://consumerlaw.gov.au/coronavirus-disease-covid-19-information-consumers","consumerlaw.gov.au",
"site:*.gov.* covid-19 law",64,"Coronavirus (COVID-19): Information for individuals and ...","https://www.gov.uk/guidance/coronavirus-covid-19-information-for-individuals-and-businesses-in-wales","www.gov.uk",
"site:*.gov.* covid-19 law",65,"Coronavirus Act 2020 - Legislation.gov.uk","https://www.legislation.gov.uk/ukpga/2020/7/contents/enacted","www.legislation.gov.uk",
"site:*.gov.* covid-19 law",66,"The Health Protection (Coronavirus, Restrictions) (No. 2 ...","https://www.legislation.gov.uk/uksi/2020/684","www.legislation.gov.uk",
"site:*.gov.* covid-19 law",67,"COVID-19 in bodies corporate | Your rights, crime and the law ...","https://www.qld.gov.au/law/housing-and-neighbours/body-corporate/committees-meetings/covid-19","www.qld.gov.au",
"site:*.gov.* covid-19 law",68,"New National Restrictions from 5 November - GOV.UK","https://www.gov.uk/guidance/new-national-restrictions-from-5-november","www.gov.uk",
"site:*.gov.* covid-19 law",69,"Changes to our services due to COVID-19 | Victoria Legal Aid","https://www.legalaid.vic.gov.au/information-for-lawyers/practice-resources/changes-to-our-services-due-to-covid-19","www.legalaid.vic.gov.au",
"site:*.gov.* covid-19 law",70,"COVIDSafe legislation | Attorney-General's Department","https://www.ag.gov.au/rights-and-protections/privacy/covidsafe-legislation","www.ag.gov.au",
"site:*.gov.* covid-19 law",71,"Law Library of Victoria - Extension of resources and services ...","https://www.lawlibrary.vic.gov.au/law-library-victoria-extension-resources-and-services-during-covid-19-restrictions","www.lawlibrary.vic.gov.au",
"site:*.gov.* covid-19 law",72,"COVID-19: Changes to the ways you can apply for an FVRO ...","https://www.legalaid.wa.gov.au/get-legal-help/covid-19-how-we-can-help/covid-19-legal-information/covid-19-changes-ways-you-can","www.legalaid.wa.gov.au",
"site:*.gov.* covid-19 law",73,"Government.nl: Information from the Government of The ...","http://www.gov.nl/","www.gov.nl",
"site:*.gov.* covid-19 law",74,"COVID-19: Changes to ALRC operations | ALRC","https://www.alrc.gov.au/news/changes-to-alrc-operations-covid-19/","www.alrc.gov.au",
"site:*.gov.* covid-19 law",75,"Stay at home: guidance for households with possible or ...","https://www.gov.uk/government/publications/covid-19-stay-at-home-guidance/stay-at-home-guidance-for-households-with-possible-coronavirus-covid-19-infection","www.gov.uk",
"site:*.gov.* covid-19 law",76,"Venues required by law to record contact details - GOV.UK","https://www.gov.uk/government/news/venues-required-by-law-to-record-contact-details","www.gov.uk",
"site:*.gov.* covid-19 law",77,"COVID-19 and parenting issues | Victoria Legal Aid","https://www.legalaid.vic.gov.au/find-legal-answers/covid-19-coronavirus/covid-19-and-parenting-issues","www.legalaid.vic.gov.au",
"site:*.gov.* covid-19 law",78,"Education, health and care needs assessments and plans ...","https://www.gov.uk/government/publications/changes-to-the-law-on-education-health-and-care-needs-assessments-and-plans-due-to-coronavirus/education-health-and-care-needs-assessments-and-plans-guidance-on-temporary-legislative-changes-relating-to-coronavirus-covid-19","www.gov.uk",
"site:*.gov.* covid-19 law",79,"COVID-19 and child protection issues | Victoria Legal Aid","https://www.legalaid.vic.gov.au/find-legal-answers/covid-19-coronavirus/child-protection-issues","www.legalaid.vic.gov.au",
"site:*.gov.* covid-19 law",80,"COVID-19: Changes to the way you can apply for a VRO ...","https://www.legalaid.wa.gov.au/get-legal-help/covid-19-how-we-can-help/covid-19-legal-information/covid-19-changes-way-you-can","www.legalaid.wa.gov.au",
"site:*.gov.* covid-19 law",81,"Coronavirus (Scotland) Act 2020 - Legislation.gov.uk","https://www.legislation.gov.uk/id/asp/2020/7","www.legislation.gov.uk",
"site:*.gov.* covid-19 law",82,"COVID-19: Travel restrictions | Legal Aid WA","https://www.legalaid.wa.gov.au/get-legal-help/covid-19-how-we-can-help/covid-19-legal-information/covid-19-travel-restrictions","www.legalaid.wa.gov.au",
"site:*.gov.* covid-19 law",83,"Health Secretary announces strengthened legal powers to ...","https://www.gov.uk/government/news/health-secretary-announces-strengthened-legal-powers-to-bolster-public-health-protections-against-coronavirus","www.gov.uk",
"site:*.gov.* covid-19 law",84,"COVID-19 Legislation Amendment (Emergency Measures) Bill ...","https://www.parliament.nsw.gov.au/bills/Pages/bill-details.aspx?pk=3741","www.parliament.nsw.gov.au",
"site:*.gov.* covid-19 law",85,"Notice to legal practitioners in relation to the COVID-19 ...","https://www.courts.qld.gov.au/about/news/news233/2020/notice-to-legal-practitioners-in-relation-to-the-covid-19-pandemic","www.courts.qld.gov.au",
"site:*.gov.* covid-19 law",86,"Annex A: employer's legal obligations - GOV.UK","https://www.gov.uk/government/publications/coronavirus-covid-19-testing-guidance-for-employers/annex-a-employers-legal-obligations","www.gov.uk",
"site:*.gov.* covid-19 law",87,"COVID-19: Guidance for small marriages and civil ... - Gov.uk","https://www.gov.uk/government/publications/covid-19-guidance-for-small-marriages-and-civil-partnerships/covid-19-guidance-for-small-marriages-and-civil-partnerships","www.gov.uk",
"site:*.gov.* covid-19 law",88,"COVID-19: Tenancy | Legal Aid WA","https://www.legalaid.wa.gov.au/get-legal-help/covid-19-how-we-can-help/covid-19-legal-information/covid-19-tenancy","www.legalaid.wa.gov.au",
"site:*.gov.* covid-19 law",89,"COVID-19 and renting: guidance for landlords, tenants and ...","https://www.gov.uk/government/publications/covid-19-and-renting-guidance-for-landlords-tenants-and-local-authorities","www.gov.uk",
"site:*.gov.* covid-19 law",90,"COVID-19 and Bushfire legal assistance funding | Attorney ...","https://www.ag.gov.au/legal-system/legal-assistance-services/covid-19-and-bushfire-legal-assistance-funding","www.ag.gov.au",
"site:*.gov.* covid-19 law",91,"Draft legislation: Taxation of coronavirus (COVID-19) support ...","https://www.gov.uk/government/consultations/draft-legislation-taxation-of-coronavirus-covid-19-support-payments","www.gov.uk",
"site:*.gov.* covid-19 law",92,"NSW legislation: Home","https://www.legislation.nsw.gov.au/","www.legislation.nsw.gov.au",
"site:*.gov.* covid-19 law",93,"COVID-19: How we can help | Legal Aid WA","https://www.legalaid.wa.gov.au/get-legal-help/covid-19-how-we-can-help","www.legalaid.wa.gov.au",
"site:*.gov.* covid-19 law",94,"COVID-19: Supporting children | Legal Aid WA","https://www.legalaid.wa.gov.au/get-legal-help/covid-19-how-we-can-help/covid-19-legal-information/covid-19-supporting-children","www.legalaid.wa.gov.au",
"site:*.gov.* covid-19 law",95,"Draft COVID-19 legislation to enable enforcement","https://www.gov.je/news/2020/pages/COVIDRegulations.aspx","www.gov.je",
"site:*.gov.* covid-19 law",96,"Video-witnessed wills to be made legal during coronavirus ...","https://www.gov.uk/government/news/video-witnessed-wills-to-be-made-legal-during-coronavirus-pandemic","www.gov.uk",
"site:*.gov.* covid-19 law",97,"COVID-19 and safety at work | Victoria Legal Aid","https://www.legalaid.vic.gov.au/find-legal-answers/covid-19-coronavirus/safety-work","www.legalaid.vic.gov.au",
"site:*.gov.* covid-19 law",98,"COVID-19, criminal activity and law enforcement – Parliament ...","https://www.aph.gov.au/Parliamentary_Business/Committees/Joint/Law_Enforcement/COVID-19","www.aph.gov.au",
"site:*.gov.* covid-19 law",99,"COVID-19 legal assistance for South Australians | Attorney ...","https://www.agd.sa.gov.au/newsroom/covid-19-legal-assistance-south-australians","www.agd.sa.gov.au",
"site:*.gov.* covid-19 law",100,"COVID-19: Centrelink - Legal Aid NSW","https://www.legalaid.nsw.gov.au/publications/factsheets-and-resources/covid-19/covid-19-centrelink","www.legalaid.nsw.gov.au",
"site:*.gov.* covid-19 law",1,"Covid-19: Council of Ministers extends state of emergency ...","http://www.salute.gov.it/portale/news/p3_2_1_1_1.jsp?lingua=italiano&menu=notizie&p=dalministero&id=5115","www.salute.gov.it",
"site:*.gov.* covid-19 law",2,"Covid-19, Speranza signs Ordinance on urgent measures to ...","http://www.salute.gov.it/portale/nuovocoronavirus/dettaglioNotizieNuovoCoronavirus.jsp?lingua=english&id=5108","www.salute.gov.it",
"site:*.gov.* covid-19 law",3,"Coronavirus Legislation - Legislation.gov.uk","https://www.legislation.gov.uk/coronavirus","www.legislation.gov.uk",
"site:*.gov.* covid-19 law",4,"Covid-19 emergency: published in the official gazette the law ...","http://www.protezionecivile.gov.it/en/media-communication/news/detail/-/asset_publisher/default/content/emergenza-covid-19-pubblicati-in-gazzetta-ufficiale-i-decreti-legge-su-imprese-settori-strategici-giustizia-e-scuola","www.protezionecivile.gov.it",
"site:*.gov.* covid-19 law",5,"Summary of measures taken against the spread of C-19","http://www.protezionecivile.gov.it/documents/20182/1227694/Summary+of+measures+taken+against+the+spread+of+C-19/c16459ad-4e52-4e90-90f3-c6a2b30c17eb","www.protezionecivile.gov.it",
"site:*.gov.* covid-19 law",6,"Covid-19, travellers - Ministero della Salute","http://www.salute.gov.it/portale/nuovocoronavirus/dettaglioContenutiNuovoCoronavirus.jsp?lingua=english&id=5412&area=nuovoCoronavirus&menu=vuoto","www.salute.gov.it",
"site:*.gov.* covid-19 law",7,"Coronavirus (COVID-19) legislation - Federal Court of Australia","https://www.fedcourt.gov.au/covid19/legislation","www.fedcourt.gov.au",
"site:*.gov.* covid-19 law",8,"Novel coronavirus - Ministero della Salute","http://www.salute.gov.it/portale/nuovocoronavirus/homeNuovoCoronavirus.jsp?lingua=english","www.salute.gov.it",
"site:*.gov.* covid-19 law",9,"Legal resources for COVID-19 - Legal Aid NSW","https://www.legalaid.nsw.gov.au/get-legal-help/covid-19","www.legalaid.nsw.gov.au",
"site:*.gov.* covid-19 law",10,"COVID-19 and discrimination law | Coronavirus disease ...","https://coronavirus.tas.gov.au/families-community/covid-19-and-discrimination-law","coronavirus.tas.gov.au",
"site:*.gov.* covid-19 law",11,"Emergency Measures and COVID-19 - OHCHR","https://www.gov.za/sites/default/files/gcis_documents/UNOHCHR%20EmergencyMeasures_COVID19%20Guidance.pdf","www.gov.za",
"site:*.gov.* covid-19 law",12,"Covid-19, extension of the deadline for administrative ...","https://uibm.mise.gov.it/index.php/en/202-news-english/2036408-covid-19-extension-of-the-deadline-for-administrative-proceedings-to-15-may","uibm.mise.gov.it",
"site:*.gov.* covid-19 law",13,"Covid-19 Relief Measures - Upcoming Legislative Provisions ...","https://www.mlaw.gov.sg/news/press-releases/covid-19-relief-measures-upcoming-legislative-provisions-to-provide-legal-certainty-on-holding-of-meetings","www.mlaw.gov.sg",
"site:*.gov.* covid-19 law",14,"COVID-19 coronavirus | Victoria Legal Aid","https://www.legalaid.vic.gov.au/find-legal-answers/covid-19-coronavirus","www.legalaid.vic.gov.au",
"site:*.gov.* covid-19 law",15,"Nursery and early years sector: COVID-19 restrictions ... - Gov.uk","https://www.gov.uk/government/publications/nursery-and-early-years-sector-covid-19-restrictions-and-consumer-law","www.gov.uk",
"site:*.gov.* covid-19 law",16,"Statement on coronavirus (COVID-19), consumer contracts ...","https://www.gov.uk/government/publications/cma-to-investigate-concerns-about-cancellation-policies-during-the-coronavirus-covid-19-pandemic/the-coronavirus-covid-19-pandemic-consumer-contracts-cancellation-and-refunds","www.gov.uk",
"site:*.gov.* covid-19 law",17,"Nursery and early years sector: COVID-19 restrictions ... - Gov.uk","https://www.gov.uk/government/publications/nursery-and-early-years-sector-covid-19-restrictions-and-consumer-law/nursery-and-early-years-sector-covid-19-restrictions-and-consumer-law-advice","www.gov.uk",
"site:*.gov.* covid-19 law",18,"Coronavirus (COVID-19): Legal Aid Agency contingency ...","https://www.gov.uk/guidance/coronavirus-covid-19-legal-aid-agency-contingency-response","www.gov.uk",
"site:*.gov.* covid-19 law",19,"£5.4 million to support legal advice sector during the COVID ...","https://www.gov.uk/government/news/5-4-million-to-support-legal-advice-sector-during-the-covid-19-pandemic","www.gov.uk",
"site:*.gov.* covid-19 law",20,"The Law & COVID-19 (Coronavirus) for South Australians","https://lsc.sa.gov.au/cb_pages/the_law__covid-19_coronavirus_for_south_australians.php","lsc.sa.gov.au",
"site:*.gov.* covid-19 law",21,"COVID-19: Changes to ALRC operations | ALRC","https://www.alrc.gov.au/news/changes-to-alrc-operations-covid-19/","www.alrc.gov.au",
"site:*.gov.* covid-19 law",22,"Enhancements to the COVID-19 (Temporary Measures) Act to ...","https://www.mlaw.gov.sg/news/press-releases/enhancements-to-the-covid-19-temporary-measures-act-to-cover-two-new-contracts","www.mlaw.gov.sg",
"site:*.gov.* covid-19 law",23,"COVID-19 and fines | Victoria Legal Aid","https://www.legalaid.vic.gov.au/find-legal-answers/covid-19-coronavirus/fines","www.legalaid.vic.gov.au",
"site:*.gov.* covid-19 law",24,"COVID-19 and the law of Australia | The Law Library of Victoria","https://www.lawlibrary.vic.gov.au/visit-library/news/covid-19-and-law-australia","www.lawlibrary.vic.gov.au",
"site:*.gov.* covid-19 law",25,"Extension of Relief Periods under the COVID-19 (Temporary ...","https://www.mlaw.gov.sg/news/press-releases/extension-of-relief-periods-under-the-covid-19-temporary-measures-act-for-specified-categories-of-contracts","www.mlaw.gov.sg",
"site:*.gov.* covid-19 law",26,"COVID-19 (Temporary Measures) Act Provisions relating to ...","https://www.mlaw.gov.sg/news/press-releases/2020-04-20-covid-19-temporary-measures-act-provisions-relating-to-temporary-reliefs-to-commence-on-20-april-2020","www.mlaw.gov.sg",
"site:*.gov.* covid-19 law",27,"COVID-19 legal assistance for South Australians | Attorney ...","https://www.agd.sa.gov.au/newsroom/covid-19-legal-assistance-south-australians","www.agd.sa.gov.au",
"site:*.gov.* covid-19 law",28,"COVID-19: Free help for pandemic legal issues - Legal Aid NSW","https://www.legalaid.nsw.gov.au/about-us/media-and-newsletters/general-news/covid-19-free-help-for-pandemic-legal-issues","www.legalaid.nsw.gov.au",
"site:*.gov.* covid-19 law",29,"COVID-19 and ending your tenancy | Victoria Legal Aid","https://www.legalaid.vic.gov.au/find-legal-answers/covid-19-coronavirus/ending-your-tenancy","www.legalaid.vic.gov.au",
"site:*.gov.* covid-19 law",30,"COVID-19 in bodies corporate | Your rights, crime and the law ...","https://www.qld.gov.au/law/housing-and-neighbours/body-corporate/committees-meetings/covid-19","www.qld.gov.au",
"site:*.gov.* covid-19 law",31,"COVID-19 - Legal Aid NSW","https://www.legalaid.nsw.gov.au/publications/factsheets-and-resources/covid-19","www.legalaid.nsw.gov.au",
"site:*.gov.* covid-19 law",32,"Coronavirus emergency, online the decree law ""Cura Italia ...","http://www.protezionecivile.gov.it/media-comunicazione/news/dettaglio?p_p_id=82&p_p_lifecycle=1&p_p_state=normal&p_p_mode=view&_82_struts_action=/language/view&_82_redirect=/en_GB/media-communication/news/detail/-/asset_publisher/default/content/emergenza-coronavirus-e-on-line-il-decreto-legge-cura-italia-&_82_languageId=en_GB&showUserLocaleOptionsMessage=false","www.protezionecivile.gov.it",
"site:*.gov.* covid-19 law",33,"Coronavirus Act 2020: status - GOV.UK","https://www.gov.uk/government/publications/coronavirus-act-2020-status","www.gov.uk",
"site:*.gov.* covid-19 law",34,"COVID-19: Emergency laws introduced to parliament to boost ...","https://www.nsw.gov.au/news/covid-19-emergency-laws-introduced-to-parliament-to-boost-community-safety","www.nsw.gov.au",
"site:*.gov.* covid-19 law",35,"COVID-19 and losing work | Victoria Legal Aid","https://www.legalaid.vic.gov.au/find-legal-answers/covid-19-coronavirus/losing-work","www.legalaid.vic.gov.au",
"site:*.gov.* covid-19 law",36,"COVID-19: Public health orders – what do I need to know ...","https://www.legalaid.nsw.gov.au/publications/factsheets-and-resources/covid-19/covid-19-public-health-orders-what-do-i-need-to-know","www.legalaid.nsw.gov.au",
"site:*.gov.* covid-19 law",37,"COVID-19 and safety at work | Victoria Legal Aid","https://www.legalaid.vic.gov.au/find-legal-answers/covid-19-coronavirus/safety-work","www.legalaid.vic.gov.au",
"site:*.gov.* covid-19 law",38,"Contract cancellations and refunds due to coronavirus (COVID ...","https://www.gov.uk/government/publications/cma-to-investigate-concerns-about-cancellation-policies-during-the-coronavirus-covid-19-pandemic","www.gov.uk",
"site:*.gov.* covid-19 law",39,"COVID-19 residential rent laws extended for six months ...","https://www.commerce.wa.gov.au/announcements/covid-19-residential-rent-laws-extended-six-months","www.commerce.wa.gov.au",
"site:*.gov.* covid-19 law",40,"COVID-19 Information","https://lsc.sa.gov.au/cb_pages/covid-19_information.php","lsc.sa.gov.au",
"site:*.gov.* covid-19 law",41,"Coronavirus regulations: frequently asked questions | GOV ...","https://www.caerphilly.gov.uk/Services/Coronavirus/Coronavirus-regulations-from-9-November-frequently","www.caerphilly.gov.uk",
"site:*.gov.* covid-19 law",42,"Emergency coronavirus powers - gov.scot","https://www.gov.scot/news/emergency-coronavirus-powers/","www.gov.scot",
"site:*.gov.* covid-19 law",43,"COVID-19 and parenting issues | Victoria Legal Aid","https://www.legalaid.vic.gov.au/find-legal-answers/covid-19-coronavirus/covid-19-and-parenting-issues","www.legalaid.vic.gov.au",
"site:*.gov.* covid-19 law",44,"COVID-19 and child protection issues | Victoria Legal Aid","https://www.legalaid.vic.gov.au/find-legal-answers/covid-19-coronavirus/child-protection-issues","www.legalaid.vic.gov.au",
"site:*.gov.* covid-19 law",45,"Ministry of Law","https://www.mlaw.gov.sg/","www.mlaw.gov.sg",
"site:*.gov.* covid-19 law",46,"COVID-19 employment law and workforce FAQs | Local ...","https://local.gov.uk/covid-19-employment-law-faqs","local.gov.uk",
"site:*.gov.* covid-19 law",47,"COVID-19 and being evicted | Victoria Legal Aid","https://www.legalaid.vic.gov.au/find-legal-answers/covid-19-coronavirus/being-evicted","www.legalaid.vic.gov.au",
"site:*.gov.* covid-19 law",48,"Changes to our services due to COVID-19 | Victoria Legal Aid","https://www.legalaid.vic.gov.au/information-for-lawyers/practice-resources/changes-to-our-services-due-to-covid-19","www.legalaid.vic.gov.au",
"site:*.gov.* covid-19 law",49,"Continuing essential legal services and safeguarding ...","https://www.legalaid.vic.gov.au/about-us/news/continuing-essential-legal-services-and-safeguarding-victorians-during-covid-19","www.legalaid.vic.gov.au",
"site:*.gov.* covid-19 law",50,"COVID-19 (Temporary Measures) Act 2020 - Singapore ...","https://sso.agc.gov.sg/Act/COVID19TMA2020","sso.agc.gov.sg",
"site:*.gov.* covid-19 law",51,"Information for consumers and businesses affected by COVID ...","https://www.qld.gov.au/law/laws-regulated-industries-and-accountability/queensland-laws-and-regulations/fair-trading-services-programs-and-resources/fair-trading-latest-news/disaster-assistance/covid-19","www.qld.gov.au",
"site:*.gov.* covid-19 law",52,"COVID-19 Legal Aid Queensland service update","http://www.legalaid.qld.gov.au/Listings/Announcements/COVID-19-Legal-Aid-Queensland-service-update","www.legalaid.qld.gov.au",
"site:*.gov.* covid-19 law",53,"COVID-19: law and licensing updates | Angus Council","https://www.angus.gov.uk/law_and_licensing/covid_19_law_and_licensing_updates","www.angus.gov.uk",
"site:*.gov.* covid-19 law",54,"COVID-19 and Bushfire legal assistance funding | Attorney ...","https://www.ag.gov.au/legal-system/legal-assistance-services/covid-19-and-bushfire-legal-assistance-funding","www.ag.gov.au",
"site:*.gov.* covid-19 law",55,"Information regarding the Justice Sector COVID-19 plans ...","http://ipo.gov.ie/en/JELR/Pages/Information_regarding_the_Justice_Sector_COVID-19_plans","ipo.gov.ie",
"site:*.gov.* covid-19 law",56,"COVID-19: Family law and school shutdowns - Legal Aid NSW","https://www.legalaid.nsw.gov.au/publications/factsheets-and-resources/covid-19/covid-19-family-law-and-school-shutdowns","www.legalaid.nsw.gov.au",
"site:*.gov.* covid-19 law",57,"Coronavirus disease (COVID-19) – information for consumers ...","https://consumerlaw.gov.au/coronavirus-disease-covid-19-information-consumers","consumerlaw.gov.au",
"site:*.gov.* covid-19 law",58,"COVID-19 and human rights - QHRC","https://www.qhrc.qld.gov.au/your-rights/covid-19-and-human-rights","www.qhrc.qld.gov.au",
"site:*.gov.* covid-19 law",59,"COVID-19 and discrimination at work | Victoria Legal Aid","https://www.legalaid.vic.gov.au/find-legal-answers/covid-19-coronavirus/discrimination-work","www.legalaid.vic.gov.au",
"site:*.gov.* covid-19 law",60,"COVID-19 Relief Measures - Duration of Alternative ...","https://www.mlaw.gov.sg/news/press-releases/duration-of-alternative-arrangements-for-meetings-to-be-extended","www.mlaw.gov.sg",
"site:*.gov.* covid-19 law",61,"Emergency Powers, Public Health and ... - Parliament of Victoria","https://www.parliament.vic.gov.au/publications/research-papers/download/36-research-papers/13962-emergency-powers-public-health-and-covid-19","www.parliament.vic.gov.au",
"site:*.gov.* covid-19 law",62,"Free legal advice | Service NSW","https://www.service.nsw.gov.au/covid-19/free-legal-advice","www.service.nsw.gov.au",
"site:*.gov.* covid-19 law",63,"Temporary Relief for Inability to Perform Contractual ...","https://www.mlaw.gov.sg/news/press-releases/temporary-relief-for-inability-to-perform-contractual-obligations-due-to-coronavirus-disease-2019-covid-19-situation","www.mlaw.gov.sg",
"site:*.gov.* covid-19 law",64,"Common Law Division changes in response to COVID-19 ...","https://www.supremecourt.vic.gov.au/law-and-practice/areas-of-the-court/common-law-division/CLD-changes-COVID-19","www.supremecourt.vic.gov.au",
"site:*.gov.* covid-19 law",65,"Emergency bill to strengthen coronavirus (COVID-19 ... - Gov.uk","https://www.gov.uk/government/news/emergency-bill-to-strengthen-coronavirus-covid-19-response-plans","www.gov.uk",
"site:*.gov.* covid-19 law",66,"COVID-19 Emergency Response Act 2020 - South Australian ...","https://www.legislation.sa.gov.au/LZ/C/A/COVID-19%20EMERGENCY%20RESPONSE%20ACT%202020/CURRENT/2020.7.AUTH.PDF","www.legislation.sa.gov.au",
"site:*.gov.* covid-19 law",67,"Coronavirus and the law - Legal Aid Tasmania","https://www.legalaid.tas.gov.au/latest-news/coronavirus-and-the-law/","www.legalaid.tas.gov.au",
"site:*.gov.* covid-19 law",68,"Frequently Asked Questions - Ministry of Law","https://www.mlaw.gov.sg/covid19-relief/faq/","www.mlaw.gov.sg",
"site:*.gov.* covid-19 law",69,"covid19 - LawAccess NSW","https://www.lawaccess.nsw.gov.au/Pages/news-articles/covid19.aspx","www.lawaccess.nsw.gov.au",
"site:*.gov.* covid-19 law",70,"COVID-19 and working from home | Victoria Legal Aid","https://www.legalaid.vic.gov.au/find-legal-answers/covid-19-coronavirus/working-from-home","www.legalaid.vic.gov.au",
"site:*.gov.* covid-19 law",71,"New emergency management powers to ... - Media statement","https://www.mediastatements.wa.gov.au/Pages/McGowan/2020/04/New-emergency-management-powers-to-combat-COVID-19.aspx","www.mediastatements.wa.gov.au",
"site:*.gov.* covid-19 law",72,"COVID-19: Centrelink - Legal Aid NSW","https://www.legalaid.nsw.gov.au/publications/factsheets-and-resources/covid-19/covid-19-centrelink","www.legalaid.nsw.gov.au",
"site:*.gov.* covid-19 law",73,"Wedding services affected by COVID-19: statement of the ...","https://www.gov.uk/government/publications/wedding-services-coronavirus-covid-19-cancellations-and-refunds/wedding-services-affected-by-covid-19-statement-of-the-cmas-position-on-cancellation-and-refunds","www.gov.uk",
"site:*.gov.* covid-19 law",74,"COVID-19: Participating in mediation by telephone - Legal Aid ...","https://www.legalaid.nsw.gov.au/publications/factsheets-and-resources/covid-19/covid-19-participating-in-mediation-by-telephone","www.legalaid.nsw.gov.au",
"site:*.gov.* covid-19 law",75,"COVID-19: Criminal offences | Legal Aid WA","https://www.legalaid.wa.gov.au/get-legal-help/covid-19-how-we-can-help/covid-19-legal-information/covid-19-criminal-offences","www.legalaid.wa.gov.au",
"site:*.gov.* covid-19 law",76,"What the Coronavirus Bill will do - GOV.UK","https://www.gov.uk/government/publications/coronavirus-bill-what-it-will-do/what-the-coronavirus-bill-will-do","www.gov.uk",
"site:*.gov.* covid-19 law",77,"Law Library of Victoria - Extension of resources and services ...","https://www.lawlibrary.vic.gov.au/law-library-victoria-extension-resources-and-services-during-covid-19-restrictions","www.lawlibrary.vic.gov.au",
"site:*.gov.* covid-19 law",78,"Project Agreement for COVID-19 Legal Assistance Funding ...","https://www.ag.gov.au/legal-system/publications/project-agreement-covid-19-legal-assistance-funding","www.ag.gov.au",
"site:*.gov.* covid-19 law",79,"Get help with COVID-19 | Victoria Legal Aid","https://www.legalaid.vic.gov.au/find-legal-answers/covid-19-coronavirus/get-help","www.legalaid.vic.gov.au",
"site:*.gov.* covid-19 law",80,"Contracts affected by COVID-19 - Legal Aid Tasmania","https://www.legalaid.tas.gov.au/factsheets/contracts-affected-by-covid-19/","www.legalaid.tas.gov.au",
"site:*.gov.* covid-19 law",81,"Notice to legal practitioners in relation to the COVID-19 ...","https://www.courts.qld.gov.au/about/news/news233/2020/notice-to-legal-practitioners-in-relation-to-the-covid-19-pandemic","www.courts.qld.gov.au",
"site:*.gov.* covid-19 law",82,"COVID-19: Employment - Legal Aid NSW","https://www.legalaid.nsw.gov.au/publications/factsheets-and-resources/covid-19/covid-19-employment","www.legalaid.nsw.gov.au",
"site:*.gov.* covid-19 law",83,"COVID-19 FAQ | Legal database - ATO","https://www.ato.gov.au/law/view/document?DocID=SAV/COVID19-FAQ/00001&PiT=99991231235958","www.ato.gov.au",
"site:*.gov.* covid-19 law",84,"New legislation in response to Covid-19 - Government of Jersey","http://www.gov.je/News/2020/Pages/CMlegislation.aspx","www.gov.je",
"site:*.gov.* covid-19 law",85,"COVID-19: Changes to the ways you can apply for an FVRO ...","https://www.legalaid.wa.gov.au/get-legal-help/covid-19-how-we-can-help/covid-19-legal-information/covid-19-changes-ways-you-can","www.legalaid.wa.gov.au",
"site:*.gov.* covid-19 law",86,"Coronavirus (COVID-19): Social Distancing - GOV.UK","https://www.gov.uk/government/publications/coronavirus-covid-19-meeting-with-others-safely-social-distancing/coronavirus-covid-19-meeting-with-others-safely-social-distancing","www.gov.uk",
"site:*.gov.* covid-19 law",87,"Online Internship Program in Legal Department during ... - SEBI","https://www.sebi.gov.in/legal/internship-program-in-the-legal-department/may-2020/online-internship-program-in-legal-department-during-covid-19-pandemic-commencement-of-internship-program-in-the-legal-department_46670.html","www.sebi.gov.in",
"site:*.gov.* covid-19 law",88,"COVID-19 | Legal Aid WA","https://www.legalaid.wa.gov.au/covid-19","www.legalaid.wa.gov.au",
"site:*.gov.* covid-19 law",89,"COVID-19: Travel restrictions | Legal Aid WA","https://www.legalaid.wa.gov.au/get-legal-help/covid-19-how-we-can-help/covid-19-legal-information/covid-19-travel-restrictions","www.legalaid.wa.gov.au",
"site:*.gov.* covid-19 law",90,"Legal Aid increases help to Western ... - Media Statements","https://www.mediastatements.wa.gov.au/Pages/McGowan/2020/03/Legal-Aid-increases-help-to-Western-Australians-amid-COVID-19-crisis.aspx","www.mediastatements.wa.gov.au",
"site:*.gov.* covid-19 law",91,"Annex A: employer's legal obligations - GOV.UK","https://www.gov.uk/government/publications/coronavirus-covid-19-testing-guidance-for-employers/annex-a-employers-legal-obligations","www.gov.uk",
"site:*.gov.* covid-19 law",92,"Law Enforcement and COVID-19 | Australian Institute of Police ...","https://www.aipm.gov.au/COVID-19-Law-Enforcement","www.aipm.gov.au",
"site:*.gov.* covid-19 law",93,"COVID-19: Changes to the way you can apply for a VRO ...","https://www.legalaid.wa.gov.au/get-legal-help/covid-19-how-we-can-help/covid-19-legal-information/covid-19-changes-way-you-can","www.legalaid.wa.gov.au",
"site:*.gov.* covid-19 law",94,"COVID-19 and being unable to work | Victoria Legal Aid","https://www.legalaid.vic.gov.au/find-legal-answers/covid-19-coronavirus/being-unable-to-work","www.legalaid.vic.gov.au",
"site:*.gov.* covid-19 law",95,"COVID-19 update—LAQ services - Legal Aid Queensland","http://www.legalaid.qld.gov.au/Listings/Announcements/COVID-19-update-LAQ-services","www.legalaid.qld.gov.au",
"site:*.gov.* covid-19 law",96,"COVID-19: Changes to court processes and tips for ...","https://www.legalaid.nsw.gov.au/publications/factsheets-and-resources/covid-19/covid-19-changes-to-court-processes-and-tips-for-representing-yourself","www.legalaid.nsw.gov.au",
"site:*.gov.* covid-19 law",97,"Second Reading Speech by Senior Minister of State for Law ...","https://www.mlaw.gov.sg/news/parliamentary-speeches/second-reading-speech-by-senior-minister-of-state-for-law-mr-edwin-tong-on-the-covid-19-temporary-measures-bill-2020","www.mlaw.gov.sg",
"site:*.gov.* covid-19 law",98,"Urgent legislation to support State's ... - Media Statements","https://www.mediastatements.wa.gov.au/Pages/McGowan/2020/03/Urgent-legislation-to-support-States-COVID-19-response.aspx","www.mediastatements.wa.gov.au",
"site:*.gov.* covid-19 law",99,"COVID-19: Housing: My landlord is trying to evict me, what ...","https://www.legalaid.nsw.gov.au/get-legal-help/factsheets-and-resources/covid-19/covid-19-housing-evictions","www.legalaid.nsw.gov.au",
"site:*.gov.* covid-19 law",100,"Service update and COVID-19 response | Victoria Legal Aid","https://www.legalaid.vic.gov.au/about-us/news/service-update-and-covid-19-response","www.legalaid.vic.gov.au",